6,1.574767190851E12
7,1.574767190942E12
8,1.574767190995E12
9,1.574767191021E12
10,1.574767191044E12
12,1.574767191149E12
12,1.574767191213E12
13,1.574767191242E12
14,1.574767191282E12
15,1.574767191304E12
16,1.574767191337E12
17,1.574767191393E12
18,1.574767191419E12
19,1.574767191539E12
20,1.57476719158E12
22,1.574767191617E12
23,1.574767191646E12
24,1.57476719167E12
25,1.574767191693E12
26,1.574767191746E12
26,1.574767191803E12
27,1.574767191852E12
28,1.574767191898E12
29,1.574767191923E12
31,1.574767192052E12
31,1.574767192086E12
33,1.574767192138E12
35,1.574767192163E12
35,1.574767192188E12
36,1.574767192232E12
37,1.574767192258E12
38,1.574767192284E12
40,1.574767192343E12
41,1.574767192381E12
42,1.574767192514E12
44,1.57476719259E12
45,1.574767192626E12
46,1.574767192683E12
47,1.574767192716E12
49,1.574767192815E12
50,1.574767192938E12
52,1.574767193046E12
56,1.574767193169E12
56,1.574767193253E12
59,1.574767193344E12
60,1.574767193374E12
62,1.574767193479E12
63,1.574767193524E12
63,1.574767193556E12
64,1.574767193588E12
65,1.574767193628E12
66,1.574767193656E12
67,1.574767193711E12
70,1.574767193747E12
70,1.574767193779E12
72,1.574767193809E12
72,1.574767193857E12
73,1.574767193886E12
74,1.574767193916E12
76,1.574767193945E12
76,1.574767193995E12
77,1.574767194074E12
78,1.574767194128E12
79,1.574767194163E12
80,1.574767194192E12
81,1.574767194225E12
83,1.574767194253E12
83,1.574767194282E12
84,1.574767194432E12
86,1.574767194471E12
88,1.574767194502E12
89,1.574767194528E12
91,1.574767194622E12
91,1.574767194653E12
92,1.574767194678E12
93,1.574767194707E12
94,1.574767194767E12
95,1.574767194802E12
96,1.57476719483E12
99,1.574767194898E12
101,1.574767195041E12
102,1.574767195099E12
104,1.574767195176E12
104,1.574767195209E12
106,1.574767195236E12
107,1.574767195261E12
108,1.574767195292E12
108,1.574767195316E12
109,1.574767195345E12
110,1.574767195423E12
111,1.574767195454E12
113,1.5747671955E12
113,1.574767195567E12
114,1.574767195603E12
115,1.574767195638E12
117,1.574767195671E12
118,1.574767195695E12
119,1.574767195719E12
120,1.574767195742E12
121,1.574767195773E12
121,1.574767195807E12
122,1.574767195842E12
123,1.574767195911E12
124,1.574767195953E12
126,1.574767195991E12
127,1.574767196022E12
128,1.574767196048E12
130,1.574767196073E12
130,1.574767196107E12
130,1.574767196235E12
131,1.574767196269E12
133,1.574767196298E12
134,1.574767196325E12
135,1.57476719635E12
136,1.574767196374E12
139,1.574767196607E12
140,1.574767196633E12
141,1.574767196659E12
142,1.574767196684E12
154,1.574767197152E12
154,1.574767197175E12
154,1.574767197212E12
155,1.574767197239E12
156,1.574767197276E12
157,1.574767197314E12
158,1.574767197357E12
160,1.574767197419E12
162,1.574767197475E12
163,1.574767197507E12
190,1.574767198675E12
191,1.574767198705E12
192,1.574767198739E12
246,1.574767200781E12
249,1.574767200878E12
250,1.574767200956E12
253,1.574767201075E12
277,1.574767202089E12
279,1.574767202116E12
348,1.574767205346E12
349,1.574767205381E12
349,1.574767205425E12
350,1.574767205458E12
351,1.574767205488E12
352,1.574767205514E12
354,1.574767205557E12
354,1.57476720559E12
355,1.574767205658E12
357,1.574767205687E12
357,1.574767205807E12
359,1.57476720591E12
359,1.574767205961E12
360,1.574767205992E12
362,1.57476720602E12
365,1.574767206045E12
365,1.574767206068E12
365,1.574767206093E12
366,1.574767206167E12
367,1.574767206197E12
367,1.574767206221E12
369,1.574767206264E12
370,1.574767206291E12
370,1.574767206329E12
371,1.574767206357E12
372,1.574767206463E12
374,1.5747672065E12
374,1.574767206529E12
376,1.574767206554E12
377,1.574767206581E12
378,1.574767206603E12
379,1.574767206635E12
380,1.574767206665E12
380,1.574767206699E12
381,1.574767206775E12
382,1.574767206815E12
383,1.574767206844E12
385,1.574767206867E12
386,1.57476720689E12
387,1.574767207039E12
387,1.574767207074E12
388,1.574767207105E12
390,1.57476720713E12
391,1.574767207154E12
392,1.574767207175E12
393,1.574767207257E12
394,1.574767207334E12
394,1.574767207364E12
395,1.574767207389E12
397,1.574767207464E12
398,1.574767207495E12
398,1.574767207526E12
399,1.574767207551E12
401,1.574767207575E12
402,1.574767207728E12
402,1.574767207761E12
403,1.574767207786E12
404,1.57476720783E12
406,1.574767207861E12
406,1.574767207885E12
408,1.574767207964E12
409,1.574767208001E12
409,1.574767208053E12
410,1.574767208087E12
411,1.574767208201E12
412,1.57476720824E12
413,1.574767208271E12
416,1.574767208301E12
416,1.574767208327E12
417,1.574767208354E12
418,1.574767208417E12
419,1.574767208446E12
419,1.574767208484E12
420,1.574767208515E12
421,1.574767208561E12
422,1.57476720862E12
423,1.574767208697E12
424,1.574767208759E12
425,1.574767208789E12
426,1.574767208814E12
428,1.5747672089E12
429,1.574767208924E12
429,1.574767208964E12
431,1.574767208996E12
431,1.574767209022E12
433,1.574767209048E12
434,1.574767209125E12
435,1.574767209208E12
435,1.574767209247E12
436,1.574767209281E12
438,1.574767209308E12
439,1.574767209334E12
441,1.574767209357E12
441,1.574767209491E12
442,1.574767209532E12
442,1.574767209553E12
444,1.574767209573E12
445,1.574767209608E12
446,1.574767209645E12
446,1.574767209692E12
447,1.574767209725E12
448,1.574767209762E12
449,1.574767209806E12
450,1.574767209857E12
451,1.574767209891E12
452,1.574767209929E12
453,1.574767209965E12
454,1.57476721E12
455,1.574767210031E12
456,1.574767210057E12
457,1.574767210103E12
458,1.574767210135E12
459,1.574767210162E12
460,1.574767210188E12
461,1.57476721022E12
462,1.574767210265E12
463,1.574767210297E12
464,1.574767210325E12
465,1.574767210364E12
466,1.574767210392E12
467,1.574767210427E12
469,1.574767210466E12
481,1.574767210891E12
482,1.574767210923E12
484,1.574767210951E12
486,1.574767211007E12
487,1.574767211114E12
488,1.574767211146E12
490,1.574767211206E12
490,1.57476721124E12
491,1.574767211332E12
492,1.574767211469E12
493,1.574767211519E12
495,1.574767211553E12
497,1.57476721158E12
498,1.574767211604E12
499,1.574767211628E12
500,1.57476721165E12
500,1.574767211694E12
500,1.574767211726E12
501,1.574767211779E12
502,1.57476721181E12
504,1.574767211836E12
505,1.574767211918E12
505,1.57476721195E12
507,1.574767211977E12
508,1.574767212003E12
508,1.574767212027E12
509,1.57476721212E12
510,1.574767212153E12
512,1.574767212187E12
513,1.574767212215E12
514,1.574767212242E12
514,1.574767212361E12
515,1.574767212395E12
517,1.574767212487E12
517,1.57476721252E12
518,1.574767212601E12
520,1.574767212646E12
520,1.574767212682E12
522,1.574767212708E12
523,1.574767212828E12
524,1.574767212856E12
524,1.574767212911E12
526,1.574767212942E12
526,1.574767212969E12
528,1.574767212993E12
529,1.574767213028E12
529,1.574767213075E12
530,1.574767213107E12
531,1.574767213143E12
532,1.574767213168E12
533,1.574767213195E12
534,1.574767213276E12
535,1.574767213417E12
536,1.574767213451E12
537,1.574767213478E12
539,1.574767213502E12
543,1.574767213655E12
562,1.574767214609E12
563,1.574767214718E12
564,1.574767214782E12
564,1.574767214822E12
565,1.574767214847E12
566,1.574767214902E12
568,1.574767214926E12
569,1.574767215011E12
569,1.57476721506E12
570,1.574767215099E12
571,1.57476721513E12
572,1.574767215161E12
574,1.574767215186E12
575,1.57476721521E12
576,1.574767215323E12
577,1.574767215354E12
578,1.574767215381E12
578,1.574767215407E12
580,1.574767215431E12
581,1.574767215471E12
582,1.574767215507E12
583,1.574767215534E12
583,1.574767215571E12
584,1.574767215609E12
585,1.574767215737E12
586,1.574767215767E12
587,1.574767215799E12
588,1.574767215858E12
589,1.574767215897E12
590,1.574767215931E12
591,1.574767215958E12
593,1.574767215983E12
594,1.574767216006E12
595,1.574767216124E12
596,1.574767216158E12
597,1.574767216183E12
597,1.574767216207E12
599,1.57476721623E12
600,1.574767216312E12
600,1.57476721637E12
602,1.574767216396E12
602,1.574767216443E12
603,1.574767216545E12
604,1.574767216578E12
605,1.574767216604E12
606,1.574767216662E12
608,1.574767216825E12
609,1.574767216881E12
609,1.574767216923E12
610,1.574767216954E12
613,1.574767216984E12
615,1.574767217091E12
615,1.574767217124E12
615,1.574767217153E12
615,1.574767217179E12
617,1.574767217203E12
618,1.574767217226E12
619,1.574767217274E12
620,1.574767217301E12
621,1.574767217345E12
621,1.574767217372E12
622,1.574767217397E12
623,1.57476721749E12
625,1.574767217528E12
625,1.57476721756E12
626,1.574767217588E12
628,1.574767217613E12
629,1.574767217664E12
630,1.574767217693E12
631,1.574767217723E12
631,1.574767217772E12
632,1.574767217807E12
633,1.574767217832E12
634,1.574767217869E12
635,1.574767217895E12
636,1.574767217923E12
637,1.574767218064E12
639,1.574767218108E12
639,1.574767218142E12
640,1.57476721817E12
641,1.574767218195E12
643,1.57476721823E12
644,1.574767218265E12
645,1.57476721829E12
645,1.574767218327E12
646,1.574767218362E12
647,1.57476721841E12
648,1.574767218441E12
649,1.574767218467E12
650,1.574767218512E12
652,1.574767218539E12
652,1.574767218619E12
653,1.57476721868E12
654,1.574767218754E12
655,1.574767218808E12
656,1.574767218835E12
657,1.574767218862E12
658,1.574767218947E12
659,1.574767218981E12
661,1.574767219059E12
661,1.574767219086E12
663,1.574767219185E12
663,1.574767219216E12
665,1.574767219283E12
665,1.574767219321E12
667,1.574767219416E12
667,1.574767219552E12
668,1.574767219595E12
669,1.57476721963E12
670,1.574767219658E12
672,1.574767219695E12
673,1.574767219729E12
677,1.574767219948E12
681,1.57476722022E12
682,1.574767220255E12
684,1.574767220307E12
685,1.574767220331E12
686,1.574767220446E12
709,1.574767221378E12
710,1.574767221401E12
711,1.574767221477E12
712,1.574767221508E12
712,1.57476722154E12
714,1.574767221568E12
714,1.574767221602E12
715,1.574767221626E12
716,1.574767221663E12
717,1.574767221693E12
718,1.574767221812E12
719,1.574767221844E12
720,1.574767221875E12
722,1.574767221902E12
723,1.574767221935E12
724,1.574767221957E12
724,1.574767221993E12
725,1.574767222021E12
726,1.574767222084E12
727,1.574767222186E12
728,1.574767222246E12
729,1.57476722228E12
731,1.57476722231E12
733,1.574767222336E12
733,1.574767222365E12
734,1.574767222399E12
734,1.574767222425E12
735,1.57476722246E12
736,1.574767222495E12
737,1.574767222624E12
738,1.574767222755E12
739,1.574767222799E12
740,1.574767222825E12
742,1.57476722285E12
743,1.57476722289E12
744,1.57476722292E12
744,1.574767222976E12
745,1.574767223039E12
746,1.57476722307E12
747,1.574767223098E12
749,1.574767223135E12
750,1.574767223167E12
750,1.574767223201E12
751,1.574767223233E12
752,1.574767223266E12
753,1.574767223352E12
754,1.57476722338E12
755,1.574767223424E12
757,1.574767223457E12
757,1.574767223493E12
758,1.574767223529E12
759,1.574767223572E12
760,1.574767223609E12
761,1.574767223638E12
762,1.574767223663E12
764,1.57476722372E12
764,1.574767223749E12
765,1.57476722382E12
767,1.574767223849E12
767,1.574767223876E12
769,1.574767223949E12
770,1.574767223979E12
770,1.574767224067E12
772,1.57476722411E12
772,1.574767224143E12
774,1.574767224172E12
775,1.574767224323E12
776,1.574767224385E12
776,1.574767224417E12
777,1.574767224442E12
778,1.574767224465E12
780,1.574767224498E12
781,1.574767224529E12
781,1.574767224565E12
782,1.574767224716E12
783,1.574767224747E12
784,1.574767224773E12
785,1.574767224796E12
787,1.57476722482E12
788,1.574767224927E12
788,1.574767224958E12
789,1.574767224985E12
791,1.57476722501E12
792,1.574767225038E12
793,1.574767225071E12
793,1.574767225182E12
794,1.574767225238E12
795,1.574767225269E12
796,1.574767225297E12
797,1.574767225399E12
798,1.574767225436E12
799,1.574767225521E12
800,1.57476722556E12
801,1.57476722559E12
803,1.574767225615E12
804,1.574767225641E12
805,1.574767225663E12
806,1.574767225739E12
807,1.574767225772E12
807,1.574767225824E12
808,1.57476722586E12
809,1.57476722589E12
811,1.574767225917E12
812,1.574767225941E12
813,1.574767225963E12
814,1.574767226055E12
815,1.574767226087E12
815,1.574767226112E12
817,1.574767226136E12
818,1.574767226158E12
819,1.574767226254E12
820,1.574767226313E12
820,1.574767226342E12
821,1.574767226367E12
823,1.574767226452E12
823,1.574767226485E12
824,1.57476722651E12
826,1.574767226607E12
826,1.574767226676E12
827,1.574767226708E12
828,1.574767226737E12
830,1.57476722677E12
831,1.574767226802E12
831,1.574767226896E12
832,1.574767226924E12
833,1.574767226947E12
835,1.574767227005E12
836,1.574767227033E12
836,1.574767227064E12
838,1.574767227123E12
838,1.57476722716E12
839,1.574767227194E12
841,1.574767227224E12
841,1.574767227251E12
842,1.574767227348E12
843,1.574767227384E12
844,1.574767227411E12
846,1.574767227436E12
847,1.574767227461E12
848,1.574767227556E12
849,1.574767227592E12
849,1.574767227622E12
851,1.574767227648E12
852,1.574767227672E12
853,1.574767227696E12
853,1.574767227807E12
854,1.574767227884E12
855,1.574767227921E12
856,1.574767227956E12
858,1.574767227986E12
859,1.574767228012E12
861,1.574767228035E12
862,1.574767228069E12
862,1.574767228101E12
864,1.574767228129E12
864,1.574767228167E12
865,1.5747672282E12
866,1.574767228241E12
867,1.57476722827E12
868,1.574767228296E12
870,1.57476722839E12
870,1.574767228471E12
873,1.574767228571E12
873,1.574767228602E12
875,1.574767228625E12
875,1.574767228676E12
876,1.574767228712E12
878,1.574767228737E12
879,1.57476722876E12
880,1.574767228803E12
880,1.574767228891E12
881,1.574767228918E12
883,1.57476722894E12
884,1.57476722898E12
884,1.57476722902E12
885,1.574767229059E12
886,1.574767229105E12
887,1.574767229141E12
888,1.574767229194E12
889,1.574767229224E12
890,1.574767229258E12
891,1.57476722931E12
892,1.574767229342E12
893,1.574767229368E12
895,1.574767229392E12
895,1.574767229427E12
896,1.574767229491E12
897,1.574767229544E12
898,1.574767229577E12
900,1.574767229602E12
901,1.574767229633E12
901,1.574767229703E12
902,1.574767229734E12
904,1.574767229759E12
906,1.574767229806E12
906,1.574767229827E12
907,1.574767229913E12
908,1.574767229948E12
908,1.574767229974E12
909,1.574767230007E12
911,1.574767230036E12
911,1.574767230065E12
912,1.5747672301E12
913,1.574767230123E12
914,1.574767230159E12
915,1.574767230272E12
916,1.574767230329E12
917,1.574767230366E12
918,1.574767230394E12
920,1.574767230419E12
921,1.574767230441E12
922,1.574767230464E12
923,1.574767230486E12
924,1.574767230522E12
924,1.574767230566E12
925,1.574767230594E12
926,1.574767230621E12
927,1.574767230652E12
928,1.574767230698E12
929,1.574767230815E12
930,1.574767230852E12
931,1.574767230886E12
934,1.574767230911E12
934,1.574767231074E12
935,1.574767231107E12
935,1.57476723113E12
936,1.574767231172E12
938,1.57476723121E12
938,1.574767231272E12
939,1.574767231303E12
940,1.574767231326E12
942,1.574767231367E12
943,1.574767231421E12
943,1.574767231457E12
944,1.574767231503E12
945,1.574767231543E12
946,1.57476723157E12
947,1.574767231614E12
949,1.574767231671E12
949,1.574767231704E12
950,1.574767231733E12
952,1.574767231757E12
953,1.574767231783E12
954,1.574767231927E12
954,1.574767231973E12
955,1.574767232005E12
956,1.574767232029E12
958,1.574767232089E12
959,1.574767232208E12
959,1.574767232248E12
960,1.574767232278E12
963,1.574767232304E12
964,1.574767232329E12
965,1.574767232353E12
965,1.57476723238E12
965,1.574767232425E12
966,1.574767232526E12
967,1.574767232576E12
968,1.574767232614E12
969,1.574767232645E12
971,1.574767232668E12
972,1.574767232691E12
973,1.574767232764E12
974,1.574767232797E12
978,1.574767232928E12
980,1.574767233031E12
980,1.574767233078E12
982,1.574767233115E12
984,1.574767233148E12
985,1.574767233179E12
986,1.574767233207E12
987,1.574767233232E12
988,1.574767233256E12
989,1.574767233279E12
989,1.574767233301E12
990,1.574767233323E12
990,1.574767233344E12
991,1.574767233375E12
992,1.574767233418E12
993,1.57476723344E12
994,1.574767233519E12
995,1.574767233549E12
996,1.574767233633E12
997,1.574767233664E12
999,1.574767233717E12
1000,1.574767233771E12
1000,1.574767233826E12
1001,1.574767233896E12
1002,1.57476723393E12
1003,1.574767233956E12
1005,1.574767233982E12
1006,1.574767234012E12
1007,1.574767234043E12
1007,1.574767234084E12
1008,1.574767234128E12
1009,1.574767234156E12
1010,1.574767234183E12
1012,1.574767234214E12
1013,1.574767234247E12
1013,1.574767234323E12
1014,1.574767234354E12
1015,1.574767234391E12
1017,1.574767234425E12
1017,1.57476723445E12
1018,1.574767234478E12
1019,1.57476723451E12
1020,1.574767234543E12
1021,1.57476723463E12
1022,1.574767234659E12
1023,1.574767234684E12
1024,1.574767234709E12
1026,1.574767234742E12
1026,1.574767234896E12
1027,1.574767234935E12
1028,1.574767234962E12
1030,1.574767234988E12
1032,1.574767235012E12
1033,1.574767235033E12
1034,1.574767235056E12
1034,1.574767235083E12
1035,1.574767235114E12
1035,1.57476723514E12
1036,1.574767235212E12
1037,1.57476723524E12
1038,1.574767235362E12
1040,1.574767235394E12
1040,1.574767235426E12
1042,1.574767235454E12
1043,1.574767235479E12
1044,1.574767235503E12
1045,1.574767235555E12
1045,1.574767235593E12
1046,1.574767235623E12
1047,1.574767235648E12
1049,1.574767235673E12
1050,1.574767235712E12
1050,1.574767235811E12
1051,1.574767235855E12
1052,1.574767235886E12
1053,1.574767235916E12
1055,1.574767235944E12
70,1.574770065317E12
71,1.574770065351E12
72,1.574770065403E12
73,1.574770065439E12
74,1.574770065483E12
75,1.574770065513E12
76,1.574770065558E12
77,1.5747700656E12
78,1.574770065645E12
121,1.574770067358E12
122,1.574770067442E12
123,1.574770067468E12
125,1.574770067506E12
125,1.574770067535E12
126,1.574770067582E12
127,1.574770067686E12
128,1.574770067725E12
130,1.574770067753E12
131,1.574770067786E12
131,1.574770067845E12
132,1.574770067878E12
133,1.574770067928E12
134,1.574770067952E12
135,1.574770068002E12
136,1.574770068087E12
137,1.574770068116E12
138,1.574770068168E12
139,1.574770068208E12
140,1.574770068241E12
142,1.574770068324E12
142,1.57477006835E12
170,1.574770069433E12
170,1.574770069501E12
171,1.574770069537E12
172,1.574770069563E12
174,1.574770069588E12
175,1.574770069628E12
175,1.574770069804E12
176,1.574770069841E12
178,1.574770069877E12
179,1.574770069905E12
180,1.574770069931E12
181,1.574770069956E12
182,1.574770070008E12
182,1.574770070099E12
183,1.574770070134E12
185,1.574770070169E12
186,1.574770070205E12
186,1.57477007024E12
187,1.574770070338E12
188,1.574770070371E12
190,1.574770070442E12
191,1.574770070476E12
191,1.574770070587E12
192,1.574770070615E12
193,1.57477007064E12
195,1.574770070691E12
196,1.574770070719E12
196,1.574770070809E12
197,1.574770070839E12
198,1.574770070964E12
199,1.574770071006E12
200,1.574770071037E12
202,1.574770071062E12
203,1.574770071084E12
204,1.57477007117E12
205,1.57477007121E12
205,1.574770071242E12
214,1.574770071471E12
215,1.574770071499E12
216,1.574770071596E12
217,1.574770071627E12
218,1.574770071656E12
220,1.574770071682E12
221,1.574770071714E12
221,1.57477007174E12
223,1.574770071786E12
223,1.574770071864E12
224,1.574770071936E12
225,1.574770071997E12
226,1.574770072038E12
228,1.574770072071E12
229,1.574770072098E12
230,1.574770072123E12
231,1.574770072185E12
231,1.574770072219E12
232,1.574770072255E12
233,1.574770072336E12
234,1.574770072509E12
235,1.574770072549E12
238,1.57477007258E12
239,1.574770072604E12
240,1.574770072627E12
241,1.574770072648E12
264,1.574770073507E12
264,1.57477007353E12
265,1.574770073555E12
266,1.574770073596E12
267,1.574770073642E12
267,1.574770073682E12
268,1.574770073715E12
270,1.57477007374E12
271,1.574770073763E12
271,1.574770073805E12
272,1.574770073848E12
273,1.574770073887E12
274,1.574770073912E12
275,1.574770073943E12
276,1.574770073972E12
277,1.574770074003E12
278,1.574770074086E12
279,1.574770074116E12
281,1.574770074161E12
281,1.57477007419E12
283,1.574770074232E12
283,1.574770074262E12
284,1.574770074286E12
286,1.574770074351E12
286,1.574770074393E12
287,1.574770074419E12
288,1.574770074486E12
289,1.574770074522E12
290,1.574770074552E12
291,1.57477007467E12
292,1.574770074704E12
312,1.574770075547E12
313,1.57477007558E12
313,1.574770075614E12
314,1.574770075728E12
315,1.574770075761E12
317,1.574770075787E12
317,1.574770075821E12
318,1.574770075858E12
319,1.574770075919E12
320,1.574770076007E12
321,1.574770076057E12
323,1.574770076092E12
325,1.574770076125E12
326,1.574770076155E12
326,1.574770076181E12
327,1.574770076272E12
327,1.574770076303E12
329,1.574770076353E12
330,1.574770076387E12
331,1.574770076413E12
331,1.574770076444E12
332,1.574770076468E12
333,1.574770076506E12
334,1.574770076561E12
335,1.57477007662E12
336,1.574770076652E12
337,1.574770076677E12
338,1.574770076721E12
340,1.574770076751E12
340,1.574770076833E12
360,1.57477007767E12
361,1.574770077708E12
363,1.574770077739E12
364,1.574770077767E12
365,1.57477007779E12
366,1.574770077935E12
366,1.574770077995E12
367,1.574770078036E12
368,1.574770078068E12
369,1.5747700781E12
370,1.574770078134E12
371,1.574770078179E12
372,1.574770078211E12
373,1.574770078237E12
374,1.574770078272E12
375,1.574770078298E12
376,1.574770078333E12
377,1.574770078371E12
378,1.574770078418E12
379,1.574770078447E12
381,1.574770078468E12
381,1.574770078525E12
382,1.57477007856E12
384,1.574770078617E12
384,1.574770078651E12
386,1.57477007872E12
386,1.574770078755E12
387,1.574770078786E12
389,1.574770078812E12
389,1.574770078857E12
390,1.574770078893E12
391,1.574770078924E12
393,1.574770078949E12
394,1.574770079043E12
394,1.574770079078E12
411,1.57477007979E12
412,1.57477007987E12
414,1.574770079901E12
415,1.57477007993E12
416,1.574770079956E12
417,1.574770080075E12
417,1.574770080117E12
418,1.574770080151E12
420,1.574770080182E12
421,1.574770080216E12
421,1.574770080252E12
422,1.574770080286E12
423,1.574770080317E12
424,1.574770080345E12
426,1.574770080518E12
426,1.574770080548E12
427,1.574770080583E12
428,1.57477008061E12
429,1.574770080668E12
430,1.574770080704E12
432,1.574770080734E12
433,1.574770080898E12
433,1.574770080954E12
436,1.574770080992E12
453,1.574770081832E12
454,1.574770081858E12
455,1.574770081924E12
455,1.574770082045E12
456,1.574770082084E12
457,1.574770082115E12
459,1.574770082142E12
461,1.574770082166E12
461,1.574770082189E12
462,1.574770082214E12
463,1.574770082236E12
464,1.57477008229E12
464,1.57477008232E12
499,1.57477008378E12
500,1.574770083816E12
501,1.574770083846E12
503,1.574770083891E12
503,1.574770083924E12
505,1.574770083951E12
506,1.574770083977E12
507,1.574770084001E12
508,1.574770084124E12
508,1.574770084159E12
544,1.574770085798E12
545,1.574770085921E12
545,1.57477008602E12
546,1.574770086057E12
548,1.574770086086E12
550,1.574770086113E12
550,1.574770086138E12
551,1.574770086163E12
552,1.574770086186E12
553,1.574770086254E12
553,1.574770086284E12
555,1.57477008631E12
556,1.574770086354E12
556,1.574770086378E12
557,1.574770086465E12
558,1.574770086497E12
559,1.574770086594E12
561,1.574770086634E12
561,1.574770086661E12
562,1.574770086706E12
564,1.574770086749E12
590,1.574770087832E12
590,1.574770087922E12
591,1.574770087955E12
592,1.574770088013E12
594,1.574770088049E12
594,1.574770088076E12
595,1.574770088156E12
597,1.574770088284E12
597,1.574770088327E12
598,1.574770088361E12
600,1.574770088392E12
601,1.574770088445E12
602,1.574770088484E12
602,1.574770088516E12
603,1.574770088545E12
604,1.57477008858E12
606,1.574770088634E12
637,1.574770089923E12
638,1.574770090031E12
640,1.574770090114E12
640,1.574770090145E12
788,1.57477009611E12
789,1.574770096138E12
789,1.574770096177E12
790,1.574770096199E12
791,1.574770096367E12
792,1.574770096398E12
793,1.574770096419E12
795,1.574770096437E12
881,1.574770100161E12
882,1.574770100245E12
884,1.574770100279E12
885,1.574770100309E12
886,1.574770100352E12
886,1.574770100389E12
887,1.574770100413E12
889,1.574770100452E12
889,1.574770100478E12
890,1.57477010056E12
891,1.574770100591E12
893,1.574770100617E12
893,1.574770100717E12
894,1.574770100796E12
895,1.574770100834E12
929,1.574770102208E12
929,1.574770102246E12
930,1.5747701023E12
931,1.57477010233E12
934,1.57477010238E12
935,1.574770102427E12
936,1.574770102456E12
936,1.574770102568E12
937,1.574770102596E12
938,1.574770102667E12
940,1.574770102699E12
940,1.574770102728E12
942,1.574770102755E12
943,1.574770102779E12
944,1.574770102899E12
944,1.574770102934E12
947,1.574770102962E12
948,1.574770102988E12
949,1.574770103012E12
950,1.574770103096E12
950,1.574770103128E12
952,1.574770103156E12
953,1.574770103216E12
954,1.574770103292E12
955,1.574770103515E12
976,1.574770104343E12
978,1.574770104371E12
979,1.574770104419E12
979,1.574770104452E12
980,1.574770104481E12
982,1.574770104503E12
983,1.574770104535E12
983,1.57477010457E12
984,1.574770104603E12
985,1.574770104634E12
986,1.574770104678E12
987,1.574770104715E12
988,1.574770104746E12
989,1.574770104788E12
990,1.574770104822E12
991,1.574770104897E12
992,1.574770104982E12
993,1.574770105029E12
994,1.574770105064E12
995,1.574770105095E12
997,1.574770105177E12
998,1.574770105225E12
998,1.574770105263E12
999,1.57477010529E12
1001,1.574770105315E12
1002,1.574770105339E12
1003,1.574770105389E12
1024,1.574770106362E12
1025,1.574770106397E12
1027,1.574770106425E12
1028,1.574770106449E12
1029,1.574770106535E12
1029,1.574770106563E12
1031,1.574770106613E12
1032,1.574770106651E12
1033,1.574770106765E12
1033,1.574770106796E12
1034,1.574770106872E12
1035,1.574770106906E12
1036,1.574770106995E12
1038,1.574770107103E12
1038,1.574770107148E12
1039,1.574770107189E12
1041,1.574770107219E12
1041,1.574770107247E12
1043,1.574770107341E12
1066,1.574770108375E12
1067,1.57477010841E12
1069,1.574770108442E12
1070,1.574770108475E12
1070,1.574770108539E12
1112,1.574770110416E12
1112,1.574770110454E12
1113,1.574770110486E12
1114,1.574770110524E12
1115,1.574770110558E12
1116,1.574770110611E12
1117,1.57477011066E12
1118,1.574770110693E12
1119,1.574770110737E12
1120,1.574770110781E12
1121,1.574770110812E12
1122,1.574770110846E12
1123,1.574770110894E12
1124,1.574770110921E12
1125,1.574770110977E12
1126,1.574770111013E12
1127,1.574770111051E12
1128,1.5747701111E12
1129,1.574770111147E12
1130,1.574770111184E12
1131,1.574770111229E12
1132,1.574770111259E12
1133,1.574770111286E12
1134,1.574770111357E12
1135,1.574770111394E12
1137,1.574770111422E12
1138,1.574770111448E12
1139,1.574770111481E12
1139,1.574770111584E12
1140,1.574770111612E12
1141,1.57477011165E12
1142,1.574770111703E12
1143,1.574770111739E12
1161,1.574770112429E12
1163,1.574770112464E12
1163,1.574770112498E12
1164,1.574770112531E12
1165,1.574770112568E12
1166,1.574770112609E12
1167,1.574770112662E12
1168,1.574770112727E12
1169,1.574770112797E12
1170,1.574770112832E12
1172,1.574770112862E12
1173,1.574770112901E12
1173,1.574770112941E12
1174,1.57477011297E12
1175,1.574770113019E12
1176,1.574770113042E12
1178,1.574770113073E12
1178,1.574770113145E12
1179,1.574770113175E12
1180,1.574770113199E12
1182,1.574770113228E12
1182,1.574770113273E12
1183,1.574770113306E12
1185,1.574770113336E12
1185,1.574770113363E12
1186,1.574770113406E12
1187,1.574770113472E12
1188,1.574770113551E12
1189,1.574770113583E12
1191,1.574770113613E12
1192,1.57477011364E12
1193,1.574770113665E12
1193,1.574770113744E12
1194,1.574770113775E12
1196,1.574770113883E12
1196,1.574770113913E12
1198,1.574770113969E12
1199,1.574770113996E12
1199,1.574770114037E12
1200,1.574770114069E12
1201,1.574770114093E12
1202,1.574770114178E12
1203,1.574770114302E12
1204,1.574770114341E12
1205,1.57477011437E12
1207,1.574770114394E12
1209,1.574770114415E12
1209,1.574770114476E12
1210,1.574770114506E12
1210,1.57477011453E12
1212,1.574770114619E12
1212,1.57477011468E12
1213,1.574770114723E12
1214,1.574770114749E12
1215,1.574770114808E12
1217,1.574770114964E12
1217,1.574770115013E12
1218,1.574770115055E12
1220,1.574770115081E12
1221,1.574770115107E12
1223,1.57477011513E12
1224,1.574770115152E12
1225,1.574770115252E12
1225,1.574770115283E12
1227,1.574770115309E12
1228,1.57477011534E12
1228,1.574770115373E12
1229,1.574770115399E12
1231,1.57477011543E12
1231,1.574770115497E12
1232,1.574770115558E12
1233,1.574770115614E12
1234,1.574770115647E12
1235,1.574770115672E12
1237,1.574770115698E12
1238,1.574770115749E12
1239,1.574770115837E12
1239,1.574770115876E12
1240,1.574770115904E12
1242,1.57477011593E12
1243,1.574770115955E12
1244,1.574770115978E12
1245,1.574770116057E12
1245,1.574770116146E12
1246,1.574770116193E12
1247,1.574770116225E12
1249,1.574770116257E12
1251,1.574770116288E12
1252,1.574770116314E12
1253,1.57477011646E12
1253,1.574770116494E12
1253,1.574770116524E12
1255,1.574770116551E12
1256,1.574770116575E12
1257,1.574770116648E12
1258,1.574770116728E12
1258,1.574770116758E12
1259,1.574770116784E12
1261,1.57477011683E12
1262,1.574770116888E12
1262,1.574770116939E12
1263,1.574770116967E12
1264,1.574770117006E12
1265,1.574770117037E12
1300,1.574770118602E12
1301,1.574770118732E12
1302,1.574770118777E12
1304,1.574770118806E12
1306,1.574770118832E12
1307,1.574770118854E12
1307,1.574770118912E12
1307,1.574770118943E12
1309,1.574770118971E12
1310,1.574770119003E12
1310,1.574770119028E12
1311,1.574770119118E12
1312,1.574770119156E12
1314,1.574770119206E12
1314,1.574770119257E12
1315,1.574770119287E12
1317,1.574770119341E12
1317,1.574770119372E12
1318,1.574770119405E12
1319,1.5747701195E12
1320,1.574770119753E12
1321,1.574770119801E12
1322,1.574770119833E12
1323,1.574770119861E12
1344,1.574770120666E12
1344,1.574770120702E12
1345,1.57477012073E12
1347,1.574770120775E12
1347,1.574770120806E12
1349,1.574770120833E12
1350,1.574770120856E12
1350,1.574770120893E12
1351,1.57477012099E12
1352,1.57477012103E12
1354,1.574770121065E12
1355,1.574770121091E12
1357,1.574770121235E12
1357,1.574770121268E12
1357,1.574770121356E12
1358,1.574770121399E12
1359,1.574770121428E12
1362,1.574770121454E12
1363,1.574770121478E12
1364,1.574770121502E12
1365,1.574770121588E12
1365,1.574770121622E12
1365,1.574770121649E12
1367,1.574770121675E12
1368,1.5747701217E12
1369,1.574770121723E12
1370,1.574770121847E12
1370,1.574770121879E12
1371,1.574770121906E12
1373,1.57477012193E12
1626,1.574770132966E12
1628,1.574770133026E12
1629,1.57477013305E12
1630,1.574770133071E12
1631,1.574770133092E12
1632,1.574770133125E12
1632,1.574770133204E12
1633,1.574770133232E12
1635,1.574770133257E12
1635,1.574770133342E12
1636,1.574770133408E12
1637,1.574770133442E12
1638,1.57477013348E12
1639,1.574770133577E12
1640,1.574770133616E12
1641,1.57477013365E12
1643,1.574770133686E12
1643,1.574770133714E12
1644,1.574770133788E12
1645,1.574770133815E12
1647,1.574770133917E12
1673,1.574770134942E12
1674,1.574770135026E12
1675,1.574770135048E12
1676,1.57477013514E12
1677,1.574770135304E12
1677,1.574770135359E12
1678,1.574770135386E12
1682,1.574770135439E12
1683,1.574770135462E12
1683,1.574770135485E12
1684,1.574770135561E12
1685,1.574770135595E12
1685,1.574770135697E12
1714,1.574770137045E12
1715,1.574770137097E12
1716,1.574770137166E12
1717,1.574770137247E12
1718,1.574770137293E12
1719,1.574770137375E12
1720,1.574770137443E12
1721,1.574770137509E12
1722,1.57477013758E12
1723,1.574770137632E12
1724,1.574770137671E12
1725,1.574770137715E12
1726,1.574770137778E12
1727,1.574770137849E12
1728,1.574770137964E12
1729,1.574770138053E12
1730,1.574770138164E12
1731,1.574770138213E12
1732,1.574770138276E12
1733,1.574770138379E12
1734,1.574770138416E12
1735,1.57477013848E12
1736,1.574770138558E12
1737,1.574770138633E12
1738,1.574770138718E12
1739,1.574770138775E12
1740,1.574770138845E12
1741,1.57477013892E12
1742,1.574770138977E12
1744,1.574770139055E12
1745,1.574770139116E12
1746,1.574770139184E12
1747,1.574770139267E12
1748,1.57477013933E12
1749,1.574770139398E12
1750,1.574770139471E12
1751,1.57477013953E12
1752,1.574770139622E12
1753,1.574770139677E12
1754,1.574770139758E12
1755,1.57477013983E12
1756,1.574770139888E12
1757,1.574770139946E12
1758,1.574770140066E12
1759,1.574770140151E12
1760,1.574770140225E12
1761,1.574770140304E12
1762,1.574770140364E12
1763,1.574770140466E12
1764,1.574770140532E12
1765,1.57477014061E12
1766,1.574770140672E12
1767,1.574770140751E12
1768,1.574770140829E12
1769,1.574770140874E12
1770,1.574770140937E12
1771,1.574770140999E12
1772,1.574770141101E12
1773,1.574770141157E12
1774,1.574770141205E12
1775,1.574770141294E12
1776,1.574770141391E12
1777,1.57477014144E12
1778,1.574770141487E12
1779,1.574770141585E12
1780,1.574770141657E12
1781,1.574770141733E12
1782,1.574770141803E12
1783,1.574770141852E12
1784,1.574770141917E12
1785,1.574770141995E12
1786,1.574770142077E12
1787,1.57477014212E12
1788,1.574770142212E12
1789,1.57477014227E12
1790,1.574770142349E12
1791,1.574770142411E12
1792,1.574770142518E12
1793,1.574770142555E12
1794,1.574770142606E12
1795,1.574770142696E12
1796,1.574770142776E12
1803,1.574770143215E12
1804,1.574770143354E12
1805,1.574770143411E12
1806,1.574770143478E12
1807,1.574770143545E12
1808,1.574770143591E12
1809,1.574770143717E12
1810,1.574770143757E12
1812,1.574770143834E12
1812,1.574770143912E12
1813,1.574770143958E12
1814,1.574770144016E12
1815,1.574770144092E12
1816,1.574770144174E12
1817,1.574770144257E12
1818,1.574770144331E12
1819,1.574770144377E12
1820,1.574770144423E12
1821,1.574770144497E12
1822,1.574770144576E12
1823,1.574770144671E12
1824,1.574770144727E12
1825,1.574770144813E12
1826,1.574770144869E12
1827,1.574770144946E12
1828,1.574770144995E12
1829,1.574770145066E12
1830,1.574770145151E12
1831,1.574770145214E12
1832,1.574770145303E12
1833,1.574770145369E12
1834,1.574770145441E12
1835,1.57477014551E12
1836,1.574770145574E12
1837,1.574770145647E12
1838,1.574770145748E12
1839,1.57477014578E12
1840,1.574770145828E12
1841,1.574770145906E12
1842,1.574770146004E12
1843,1.574770146061E12
1844,1.574770146136E12
1845,1.57477014619E12
1846,1.574770146309E12
1847,1.57477014635E12
1849,1.574770146401E12
1849,1.574770146461E12
1850,1.574770146584E12
1851,1.574770146624E12
1852,1.574770146674E12
1853,1.574770146776E12
1854,1.574770146807E12
1855,1.574770146846E12
1856,1.5747701469E12
1857,1.574770146929E12
1859,1.574770146977E12
1866,1.574770147278E12
1867,1.574770147301E12
1868,1.574770147342E12
1868,1.574770147371E12
1869,1.57477014747E12
1870,1.574770147511E12
1871,1.574770147541E12
1873,1.574770147568E12
1874,1.574770147592E12
1875,1.57477014767E12
1875,1.574770147704E12
1877,1.574770147757E12
1877,1.574770147788E12
1879,1.574770147849E12
1879,1.57477014789E12
1880,1.574770147953E12
1881,1.574770147975E12
1882,1.574770148005E12
1883,1.574770148042E12
1884,1.574770148083E12
1885,1.574770148125E12
1886,1.574770148155E12
1887,1.574770148181E12
1888,1.574770148212E12
1890,1.574770148247E12
1890,1.574770148383E12
1891,1.574770148424E12
1892,1.574770148458E12
1894,1.574770148485E12
1896,1.574770148511E12
1897,1.574770148627E12
1897,1.574770148664E12
1897,1.574770148693E12
1899,1.574770148717E12
1900,1.574770148741E12
1901,1.574770148772E12
1902,1.574770148877E12
1902,1.574770148924E12
1903,1.574770148956E12
1904,1.57477014898E12
1905,1.574770149017E12
1907,1.574770149055E12
1907,1.574770149084E12
1908,1.574770149184E12
1910,1.574770149263E12
1910,1.574770149294E12
1958,1.574770151383E12
1958,1.57477015147E12
1958,1.574770151512E12
1959,1.574770151544E12
1961,1.574770151571E12
1962,1.574770151593E12
1963,1.574770151668E12
1964,1.574770151709E12
1964,1.574770151733E12
1966,1.57477015176E12
1967,1.574770151809E12
1967,1.574770151841E12
1968,1.574770151868E12
1969,1.574770151917E12
1970,1.574770151949E12
1971,1.574770151974E12
1999,1.574770153368E12
2000,1.574770153416E12
2001,1.574770153485E12
2002,1.574770153521E12
2003,1.574770153561E12
2004,1.574770153617E12
2005,1.574770153671E12
2006,1.574770153723E12
2007,1.574770153763E12
2008,1.574770153816E12
2009,1.574770153864E12
2010,1.574770153915E12
2011,1.57477015397E12
2012,1.574770154016E12
2013,1.574770154072E12
6,1.574770255455E12
7,1.574770255492E12
8,1.574770255535E12
9,1.574770255573E12
10,1.574770255612E12
11,1.574770255654E12
12,1.57477025569E12
13,1.574770255735E12
14,1.574770255771E12
15,1.574770255803E12
16,1.574770255837E12
17,1.57477025587E12
18,1.574770255905E12
19,1.57477025594E12
20,1.574770255972E12
21,1.574770256004E12
22,1.574770256037E12
23,1.574770256071E12
24,1.574770256105E12
25,1.574770256139E12
26,1.574770256172E12
27,1.574770256206E12
28,1.574770256238E12
29,1.574770256269E12
30,1.574770256303E12
31,1.574770256337E12
32,1.574770256381E12
33,1.574770256405E12
34,1.574770256436E12
35,1.574770256473E12
36,1.574770256536E12
37,1.574770256559E12
38,1.574770256586E12
39,1.574770256617E12
40,1.574770256716E12
41,1.574770256762E12
43,1.574770256796E12
43,1.574770256819E12
44,1.574770256845E12
45,1.574770256878E12
46,1.574770256912E12
47,1.574770257068E12
48,1.574770257098E12
52,1.574770257167E12
53,1.57477025719E12
53,1.574770257223E12
54,1.574770257277E12
54,1.574770257305E12
55,1.574770257341E12
56,1.574770257377E12
57,1.574770257405E12
58,1.574770257444E12
59,1.574770257476E12
60,1.574770257515E12
61,1.574770257541E12
62,1.574770257576E12
63,1.574770257606E12
64,1.57477025764E12
65,1.574770257673E12
66,1.574770257716E12
67,1.574770257752E12
68,1.574770257782E12
69,1.57477025781E12
70,1.574770257851E12
71,1.574770257884E12
72,1.574770257968E12
73,1.574770257992E12
74,1.574770258111E12
76,1.574770258153E12
76,1.57477025818E12
77,1.574770258214E12
78,1.5747702583E12
79,1.574770258335E12
80,1.574770258359E12
82,1.574770258378E12
83,1.574770258413E12
84,1.574770258541E12
84,1.574770258577E12
85,1.574770258613E12
87,1.574770258639E12
87,1.574770258673E12
88,1.574770258759E12
89,1.574770258781E12
90,1.574770258822E12
92,1.57477025885E12
92,1.57477025888E12
93,1.574770258981E12
94,1.574770259102E12
95,1.574770259131E12
96,1.574770259237E12
98,1.574770259279E12
98,1.574770259313E12
99,1.574770259337E12
101,1.574770259358E12
102,1.574770259413E12
103,1.574770259505E12
103,1.574770259528E12
104,1.574770259561E12
105,1.574770259602E12
106,1.57477025963E12
107,1.574770259661E12
108,1.574770259695E12
109,1.574770259817E12
110,1.574770259895E12
111,1.574770259925E12
112,1.574770259946E12
113,1.574770259972E12
115,1.574770260016E12
115,1.574770260107E12
116,1.574770260128E12
117,1.574770260148E12
120,1.574770260169E12
120,1.574770260188E12
121,1.574770260217E12
122,1.574770260262E12
122,1.574770260287E12
123,1.574770260317E12
124,1.574770260353E12
125,1.574770260392E12
126,1.574770260419E12
127,1.574770260454E12
128,1.574770260491E12
129,1.574770260521E12
130,1.574770260554E12
131,1.574770260587E12
132,1.574770260625E12
133,1.574770260655E12
134,1.574770260693E12
135,1.574770260728E12
136,1.574770260753E12
137,1.57477026079E12
138,1.574770260841E12
139,1.574770260876E12
140,1.574770260906E12
141,1.574770260928E12
142,1.574770260958E12
143,1.574770261002E12
144,1.574770261036E12
145,1.574770261072E12
146,1.574770261094E12
147,1.574770261134E12
148,1.574770261251E12
149,1.574770261276E12
150,1.574770261336E12
152,1.574770261368E12
152,1.574770261457E12
153,1.574770261494E12
154,1.574770261522E12
156,1.574770261551E12
156,1.574770261589E12
157,1.574770261632E12
158,1.574770261667E12
159,1.57477026171E12
160,1.574770261733E12
161,1.574770261779E12
162,1.574770261916E12
163,1.574770261949E12
164,1.574770261976E12
166,1.574770262002E12
167,1.574770262024E12
168,1.574770262061E12
168,1.574770262135E12
169,1.574770262164E12
170,1.574770262194E12
171,1.574770262237E12
172,1.574770262271E12
173,1.574770262305E12
174,1.574770262331E12
175,1.574770262376E12
176,1.574770262409E12
177,1.574770262527E12
178,1.574770262564E12
179,1.574770262592E12
181,1.574770262623E12
181,1.574770262703E12
182,1.574770262729E12
183,1.57477026276E12
184,1.574770262788E12
185,1.574770262829E12
186,1.574770262864E12
187,1.574770262892E12
188,1.574770262935E12
189,1.574770262966E12
190,1.574770262993E12
191,1.574770263041E12
192,1.57477026307E12
193,1.574770263188E12
194,1.574770263213E12
195,1.574770263236E12
197,1.574770263265E12
197,1.574770263294E12
198,1.574770263485E12
199,1.574770263518E12
200,1.574770263543E12
202,1.57477026359E12
203,1.574770263668E12
204,1.574770263701E12
204,1.574770263732E12
205,1.574770263772E12
206,1.574770263795E12
207,1.574770263833E12
208,1.574770263903E12
209,1.574770264012E12
210,1.574770264051E12
211,1.574770264077E12
212,1.574770264097E12
213,1.574770264119E12
215,1.574770264159E12
216,1.574770264193E12
216,1.574770264312E12
217,1.574770264362E12
218,1.574770264403E12
219,1.574770264427E12
222,1.574770264447E12
223,1.574770264468E12
224,1.574770264492E12
225,1.574770264569E12
225,1.574770264594E12
225,1.574770264634E12
226,1.574770264659E12
227,1.574770264691E12
228,1.574770264728E12
229,1.574770264753E12
230,1.574770264842E12
231,1.574770264872E12
232,1.574770264953E12
233,1.574770264979E12
234,1.574770265101E12
235,1.57477026518E12
236,1.57477026522E12
237,1.574770265245E12
238,1.574770265269E12
240,1.57477026529E12
241,1.574770265403E12
242,1.574770265437E12
243,1.574770265459E12
243,1.574770265492E12
245,1.574770265528E12
246,1.574770265627E12
246,1.574770265674E12
247,1.574770265701E12
248,1.574770265739E12
249,1.57477026577E12
250,1.574770265813E12
251,1.574770265906E12
252,1.574770265941E12
253,1.574770265972E12
254,1.574770266007E12
403,1.574770272222E12
404,1.574770272299E12
404,1.574770272329E12
405,1.574770272362E12
407,1.574770272392E12
408,1.574770272418E12
409,1.574770272442E12
410,1.574770272469E12
411,1.574770272564E12
411,1.574770272603E12
412,1.574770272631E12
415,1.574770272658E12
416,1.574770272683E12
417,1.57477027276E12
419,1.574770272847E12
452,1.574770274267E12
453,1.574770274294E12
454,1.574770274318E12
455,1.57477027434E12
456,1.574770274422E12
456,1.574770274453E12
458,1.574770274477E12
459,1.574770274499E12
459,1.574770274537E12
460,1.574770274622E12
461,1.574770274651E12
462,1.574770274713E12
463,1.574770274743E12
464,1.574770274774E12
465,1.574770274807E12
