0,0.0
1,1.57476719048E12
2,1.574767190527E12
3,1.574767190572E12
4,1.574767190634E12
5,1.574767190686E12
6,1.574767190732E12
7,1.574767190791E12
8,1.57476719083E12
9,1.574767190896E12
11,1.57476719099E12
12,1.574767191015E12
12,1.574767191015E12
13,1.574767191122E12
14,1.574767191189E12
15,1.574767191218E12
16,1.574767191262E12
17,1.574767191284E12
18,1.574767191317E12
19,1.574767191369E12
20,1.574767191394E12
23,1.57476719153E12
23,1.57476719153E12
24,1.574767191586E12
25,1.574767191616E12
26,1.574767191656E12
26,1.574767191656E12
27,1.574767191714E12
28,1.574767191761E12
29,1.574767191818E12
31,1.574767191892E12
31,1.574767191892E12
33,1.574767192033E12
35,1.574767192081E12
35,1.574767192081E12
36,1.574767192113E12
37,1.574767192151E12
38,1.574767192183E12
41,1.574767192281E12
41,1.574767192281E12
42,1.574767192318E12
44,1.574767192478E12
45,1.574767192527E12
46,1.574767192561E12
47,1.574767192598E12
49,1.574767192665E12
50,1.574767192779E12
52,1.574767192924E12
56,1.57476719305E12
56,1.57476719305E12
59,1.574767193226E12
60,1.574767193277E12
62,1.574767193349E12
63,1.574767193386E12
63,1.574767193386E12
64,1.574767193426E12
65,1.574767193456E12
67,1.574767193521E12
67,1.574767193521E12
70,1.574767193624E12
70,1.574767193624E12
72,1.574767193706E12
72,1.574767193706E12
73,1.574767193748E12
74,1.574767193783E12
76,1.574767193852E12
76,1.574767193852E12
77,1.574767193893E12
78,1.574767193922E12
79,1.574767193968E12
80,1.574767194037E12
82,1.574767194125E12
83,1.574767194159E12
83,1.574767194159E12
85,1.574767194223E12
86,1.574767194258E12
88,1.574767194421E12
89,1.574767194449E12
91,1.574767194516E12
91,1.574767194516E12
93,1.574767194619E12
93,1.574767194619E12
94,1.574767194653E12
95,1.574767194685E12
97,1.574767194764E12
99,1.574767194823E12
101,1.574767194931E12
103,1.574767195038E12
104,1.574767195065E12
104,1.574767195065E12
106,1.574767195158E12
107,1.574767195192E12
108,1.574767195223E12
108,1.574767195223E12
109,1.574767195269E12
110,1.574767195292E12
111,1.574767195324E12
113,1.574767195417E12
113,1.574767195417E12
114,1.574767195472E12
115,1.574767195515E12
117,1.574767195585E12
118,1.574767195619E12
119,1.574767195651E12
120,1.574767195688E12
121,1.574767195712E12
121,1.574767195712E12
122,1.574767195751E12
123,1.574767195785E12
124,1.57476719582E12
126,1.5747671959E12
127,1.574767195931E12
128,1.574767195956E12
130,1.574767196018E12
130,1.574767196018E12
130,1.574767196018E12
131,1.574767196082E12
133,1.574767196228E12
134,1.574767196259E12
135,1.574767196282E12
136,1.574767196317E12
139,1.5747671965E12
140,1.57476719653E12
141,1.574767196558E12
142,1.574767196589E12
154,1.574767197085E12
154,1.574767197085E12
154,1.574767197085E12
155,1.574767197152E12
156,1.57476719719E12
157,1.574767197217E12
158,1.574767197252E12
161,1.574767197352E12
162,1.574767197391E12
163,1.574767197417E12
190,1.57476719855E12
191,1.574767198584E12
192,1.574767198614E12
246,1.5747672007E12
249,1.574767200783E12
250,1.574767200819E12
254,1.574767200984E12
277,1.574767201983E12
279,1.574767202054E12
348,1.574767205253E12
349,1.574767205283E12
349,1.574767205283E12
350,1.574767205323E12
351,1.574767205355E12
352,1.57476720539E12
354,1.574767205455E12
354,1.574767205455E12
355,1.574767205489E12
357,1.574767205551E12
357,1.574767205551E12
359,1.574767205651E12
359,1.574767205651E12
360,1.574767205745E12
363,1.574767205904E12
365,1.57476720595E12
365,1.57476720595E12
365,1.57476720595E12
366,1.57476720602E12
367,1.574767206055E12
367,1.574767206055E12
369,1.574767206157E12
370,1.574767206192E12
370,1.574767206192E12
371,1.574767206233E12
372,1.574767206262E12
374,1.574767206322E12
374,1.574767206322E12
376,1.574767206456E12
377,1.574767206482E12
378,1.574767206513E12
379,1.574767206545E12
380,1.574767206577E12
380,1.574767206577E12
381,1.574767206616E12
382,1.574767206646E12
383,1.574767206677E12
385,1.574767206764E12
386,1.574767206793E12
387,1.574767206816E12
387,1.574767206816E12
388,1.574767206869E12
390,1.57476720703E12
391,1.57476720705E12
392,1.574767207088E12
393,1.574767207115E12
394,1.57476720715E12
394,1.57476720715E12
395,1.574767207225E12
397,1.574767207327E12
398,1.57476720735E12
398,1.57476720735E12
400,1.574767207461E12
401,1.574767207489E12
402,1.574767207522E12
402,1.574767207522E12
403,1.57476720755E12
405,1.574767207725E12
406,1.574767207755E12
406,1.574767207755E12
408,1.574767207823E12
409,1.574767207849E12
409,1.574767207849E12
411,1.574767207962E12
411,1.574767207962E12
412,1.574767208019E12
413,1.574767208058E12
416,1.574767208192E12
416,1.574767208192E12
417,1.574767208251E12
418,1.574767208282E12
419,1.574767208315E12
419,1.574767208315E12
420,1.574767208387E12
421,1.574767208419E12
422,1.574767208461E12
423,1.574767208491E12
424,1.57476720853E12
425,1.574767208587E12
426,1.574767208657E12
428,1.574767208745E12
429,1.574767208779E12
429,1.574767208779E12
431,1.574767208895E12
431,1.574767208895E12
433,1.574767208958E12
434,1.574767208982E12
435,1.574767209016E12
435,1.574767209016E12
436,1.574767209089E12
438,1.574767209194E12
439,1.574767209222E12
441,1.574767209277E12
441,1.574767209277E12
442,1.574767209316E12
442,1.574767209316E12
444,1.574767209477E12
445,1.574767209509E12
446,1.574767209543E12
446,1.574767209543E12
447,1.574767209584E12
448,1.574767209618E12
449,1.574767209659E12
450,1.574767209695E12
451,1.574767209735E12
452,1.57476720978E12
453,1.574767209821E12
454,1.574767209859E12
455,1.5747672099E12
456,1.574767209935E12
457,1.574767209975E12
458,1.574767210007E12
459,1.574767210034E12
460,1.57476721007E12
461,1.574767210102E12
462,1.574767210135E12
463,1.574767210165E12
464,1.574767210199E12
465,1.574767210243E12
466,1.57476721027E12
467,1.574767210299E12
469,1.57476721037E12
481,1.574767210769E12
482,1.574767210802E12
484,1.574767210877E12
486,1.574767210937E12
486,1.574767210937E12
487,1.574767210982E12
488,1.574767211007E12
490,1.574767211101E12
490,1.574767211101E12
491,1.57476721118E12
492,1.574767211215E12
493,1.574767211294E12
495,1.574767211439E12
497,1.574767211505E12
498,1.574767211533E12
499,1.574767211568E12
500,1.574767211601E12
500,1.574767211601E12
500,1.574767211601E12
501,1.574767211671E12
502,1.574767211702E12
504,1.574767211769E12
505,1.574767211803E12
505,1.574767211803E12
507,1.574767211904E12
508,1.574767211939E12
509,1.574767211975E12
509,1.574767211975E12
510,1.574767212002E12
512,1.57476721211E12
513,1.574767212148E12
514,1.574767212167E12
515,1.574767212212E12
515,1.574767212212E12
517,1.574767212345E12
517,1.574767212345E12
518,1.5747672124E12
520,1.574767212478E12
520,1.574767212478E12
522,1.57476721258E12
523,1.574767212602E12
524,1.574767212679E12
524,1.574767212679E12
526,1.574767212813E12
526,1.574767212813E12
528,1.5747672129E12
529,1.574767212934E12
529,1.574767212934E12
530,1.57476721297E12
531,1.574767213004E12
532,1.574767213044E12
533,1.574767213075E12
534,1.574767213114E12
535,1.574767213144E12
536,1.574767213173E12
537,1.574767213241E12
539,1.57476721341E12
543,1.574767213553E12
562,1.574767214479E12
563,1.574767214505E12
564,1.574767214546E12
564,1.574767214546E12
565,1.574767214586E12
566,1.574767214677E12
568,1.574767214775E12
569,1.5747672148E12
569,1.5747672148E12
571,1.5747672149E12
571,1.5747672149E12
572,1.574767214978E12
574,1.574767215044E12
575,1.574767215075E12
576,1.574767215102E12
577,1.574767215133E12
578,1.574767215164E12
578,1.574767215164E12
580,1.574767215308E12
581,1.574767215336E12
582,1.57476721537E12
583,1.574767215403E12
583,1.574767215403E12
584,1.574767215445E12
585,1.574767215475E12
586,1.574767215507E12
587,1.574767215547E12
588,1.574767215586E12
589,1.574767215696E12
590,1.57476721574E12
591,1.574767215776E12
593,1.57476721585E12
594,1.574767215876E12
595,1.574767215897E12
596,1.57476721594E12
597,1.574767215966E12
597,1.574767215966E12
599,1.574767216119E12
600,1.574767216148E12
601,1.574767216181E12
602,1.574767216203E12
602,1.574767216203E12
603,1.574767216279E12
604,1.574767216336E12
605,1.574767216369E12
606,1.57476721641E12
608,1.574767216514E12
609,1.574767216545E12
609,1.574767216545E12
610,1.574767216626E12
613,1.574767216815E12
615,1.574767216872E12
615,1.574767216872E12
615,1.574767216872E12
615,1.574767216872E12
617,1.574767217072E12
618,1.574767217103E12
619,1.574767217138E12
620,1.574767217167E12
621,1.574767217196E12
621,1.574767217196E12
622,1.574767217248E12
623,1.574767217274E12
625,1.574767217341E12
625,1.574767217341E12
626,1.574767217374E12
628,1.574767217474E12
629,1.574767217502E12
630,1.574767217532E12
631,1.574767217572E12
631,1.574767217572E12
632,1.574767217637E12
633,1.57476721767E12
634,1.574767217701E12
635,1.574767217737E12
637,1.574767217804E12
637,1.574767217804E12
639,1.574767217865E12
639,1.574767217865E12
640,1.574767217901E12
641,1.574767217991E12
643,1.574767218104E12
644,1.574767218131E12
645,1.574767218166E12
645,1.574767218166E12
646,1.574767218205E12
647,1.574767218242E12
648,1.574767218268E12
649,1.574767218304E12
650,1.574767218333E12
652,1.574767218404E12
652,1.574767218404E12
653,1.574767218442E12
655,1.574767218509E12
655,1.574767218509E12
656,1.574767218582E12
657,1.574767218648E12
658,1.574767218713E12
659,1.574767218775E12
661,1.574767218832E12
661,1.574767218832E12
663,1.574767218944E12
663,1.574767218944E12
665,1.574767219046E12
665,1.574767219046E12
667,1.574767219177E12
667,1.574767219177E12
669,1.57476721928E12
669,1.57476721928E12
670,1.574767219374E12
672,1.574767219528E12
673,1.574767219576E12
678,1.574767219876E12
682,1.574767220004E12
682,1.574767220004E12
684,1.574767220215E12
685,1.57476722024E12
686,1.574767220268E12
710,1.574767221298E12
710,1.574767221298E12
711,1.574767221332E12
712,1.574767221368E12
712,1.574767221368E12
714,1.574767221468E12
715,1.574767221505E12
715,1.574767221505E12
716,1.574767221541E12
717,1.574767221575E12
718,1.574767221601E12
719,1.57476722164E12
720,1.574767221671E12
722,1.574767221801E12
723,1.574767221831E12
724,1.574767221867E12
724,1.574767221867E12
725,1.57476722191E12
726,1.574767221935E12
727,1.574767221973E12
728,1.574767222001E12
729,1.574767222048E12
731,1.574767222157E12
733,1.574767222234E12
733,1.574767222234E12
734,1.574767222301E12
734,1.574767222301E12
735,1.574767222342E12
736,1.574767222376E12
737,1.574767222403E12
738,1.57476722244E12
739,1.574767222474E12
740,1.57476722259E12
742,1.574767222733E12
743,1.574767222777E12
744,1.574767222811E12
744,1.574767222811E12
745,1.574767222866E12
746,1.574767222896E12
747,1.574767222939E12
749,1.574767223031E12
750,1.574767223063E12
750,1.574767223063E12
751,1.574767223108E12
752,1.574767223139E12
753,1.574767223175E12
754,1.57476722321E12
755,1.574767223242E12
757,1.574767223337E12
757,1.574767223337E12
758,1.5747672234E12
759,1.574767223434E12
760,1.574767223467E12
761,1.574767223501E12
762,1.57476722354E12
764,1.574767223603E12
764,1.574767223603E12
765,1.57476722364E12
767,1.574767223709E12
767,1.574767223709E12
769,1.574767223807E12
770,1.574767223833E12
770,1.574767223833E12
772,1.574767223942E12
772,1.574767223942E12
774,1.574767224043E12
775,1.574767224081E12
776,1.574767224132E12
776,1.574767224132E12
777,1.574767224289E12
778,1.574767224347E12
780,1.574767224411E12
781,1.574767224438E12
781,1.574767224438E12
782,1.574767224477E12
783,1.574767224506E12
784,1.574767224542E12
785,1.574767224676E12
787,1.574767224734E12
788,1.574767224763E12
788,1.574767224763E12
789,1.5747672248E12
791,1.574767224913E12
792,1.574767224943E12
793,1.574767224971E12
793,1.574767224971E12
794,1.574767225014E12
795,1.574767225048E12
796,1.574767225143E12
797,1.574767225207E12
798,1.574767225238E12
799,1.574767225273E12
800,1.574767225362E12
801,1.574767225403E12
803,1.574767225515E12
804,1.574767225545E12
805,1.574767225563E12
806,1.574767225599E12
807,1.574767225635E12
807,1.574767225635E12
808,1.574767225703E12
809,1.574767225742E12
811,1.574767225807E12
812,1.574767225837E12
813,1.574767225869E12
814,1.574767225897E12
815,1.574767225931E12
815,1.574767225931E12
817,1.574767226048E12
818,1.574767226079E12
819,1.574767226101E12
820,1.574767226132E12
820,1.574767226132E12
821,1.574767226214E12
823,1.574767226309E12
824,1.57476722634E12
824,1.57476722634E12
826,1.574767226447E12
827,1.574767226483E12
827,1.574767226483E12
828,1.574767226567E12
830,1.574767226663E12
831,1.574767226697E12
831,1.574767226697E12
832,1.574767226745E12
833,1.574767226778E12
835,1.574767226881E12
836,1.574767226898E12
836,1.574767226898E12
838,1.574767227E12
838,1.574767227E12
839,1.574767227039E12
841,1.57476722711E12
841,1.57476722711E12
842,1.574767227164E12
843,1.574767227198E12
844,1.57476722723E12
846,1.57476722734E12
847,1.574767227367E12
848,1.574767227395E12
849,1.574767227429E12
849,1.574767227429E12
851,1.574767227547E12
852,1.57476722758E12
853,1.574767227616E12
854,1.574767227646E12
855,1.574767227671E12
855,1.574767227671E12
856,1.574767227773E12
858,1.574767227881E12
859,1.574767227896E12
861,1.574767227964E12
862,1.574767227997E12
862,1.574767227997E12
864,1.574767228067E12
864,1.574767228067E12
865,1.5747672281E12
866,1.574767228142E12
867,1.574767228175E12
868,1.574767228211E12
870,1.574767228266E12
870,1.574767228266E12
873,1.574767228464E12
873,1.574767228464E12
875,1.574767228566E12
875,1.574767228566E12
876,1.574767228601E12
878,1.574767228667E12
879,1.5747672287E12
880,1.574767228733E12
880,1.574767228733E12
881,1.574767228784E12
883,1.574767228878E12
884,1.574767228914E12
884,1.574767228914E12
885,1.574767228953E12
886,1.574767228991E12
887,1.574767229034E12
888,1.574767229073E12
889,1.574767229112E12
890,1.57476722916E12
891,1.574767229195E12
892,1.574767229233E12
893,1.574767229278E12
895,1.574767229338E12
895,1.574767229338E12
896,1.574767229367E12
897,1.574767229404E12
898,1.574767229449E12
900,1.574767229533E12
901,1.57476722957E12
901,1.57476722957E12
902,1.574767229607E12
904,1.574767229678E12
906,1.574767229729E12
906,1.574767229729E12
907,1.574767229768E12
908,1.574767229797E12
908,1.574767229797E12
909,1.574767229875E12
911,1.57476722994E12
911,1.57476722994E12
912,1.574767229982E12
913,1.574767230011E12
914,1.57476723004E12
915,1.574767230076E12
916,1.574767230101E12
917,1.574767230138E12
918,1.574767230215E12
920,1.574767230306E12
921,1.574767230332E12
922,1.574767230366E12
923,1.574767230403E12
924,1.574767230433E12
925,1.574767230463E12
925,1.574767230463E12
926,1.574767230501E12
927,1.574767230543E12
928,1.574767230567E12
929,1.574767230596E12
930,1.57476723063E12
931,1.574767230674E12
934,1.57476723081E12
934,1.57476723081E12
935,1.574767230866E12
935,1.574767230866E12
936,1.574767231034E12
938,1.574767231102E12
938,1.574767231102E12
939,1.574767231144E12
940,1.574767231182E12
942,1.574767231265E12
943,1.5747672313E12
943,1.5747672313E12
944,1.574767231341E12
945,1.57476723139E12
946,1.57476723143E12
947,1.574767231474E12
949,1.574767231539E12
949,1.574767231539E12
950,1.574767231585E12
952,1.574767231667E12
953,1.574767231689E12
954,1.574767231729E12
954,1.574767231729E12
955,1.57476723176E12
956,1.574767231872E12
958,1.574767231954E12
959,1.574767231985E12
959,1.574767231985E12
960,1.574767232056E12
963,1.574767232201E12
964,1.574767232224E12
965,1.574767232259E12
965,1.574767232259E12
965,1.574767232259E12
966,1.574767232332E12
967,1.574767232359E12
968,1.574767232404E12
969,1.574767232473E12
971,1.574767232555E12
972,1.57476723259E12
973,1.574767232618E12
974,1.574767232658E12
978,1.574767232824E12
980,1.574767232895E12
980,1.574767232895E12
982,1.574767232996E12
984,1.574767233059E12
985,1.574767233089E12
986,1.574767233118E12
987,1.574767233157E12
988,1.57476723319E12
989,1.57476723322E12
990,1.574767233254E12
990,1.574767233254E12
991,1.574767233299E12
992,1.574767233321E12
992,1.574767233321E12
993,1.574767233355E12
995,1.574767233416E12
995,1.574767233416E12
996,1.574767233487E12
997,1.57476723352E12
999,1.574767233625E12
1000,1.574767233661E12
1000,1.574767233661E12
1001,1.574767233692E12
1002,1.574767233737E12
1003,1.574767233789E12
1005,1.574767233885E12
1006,1.574767233917E12
1007,1.574767233953E12
1007,1.574767233953E12
1008,1.574767233988E12
1009,1.574767234018E12
1010,1.574767234059E12
1012,1.574767234121E12
1013,1.574767234152E12
1013,1.574767234152E12
1014,1.574767234191E12
1015,1.574767234223E12
1017,1.57476723432E12
1017,1.57476723432E12
1018,1.574767234361E12
1020,1.574767234422E12
1020,1.574767234422E12
1021,1.574767234455E12
1022,1.574767234489E12
1023,1.574767234521E12
1024,1.574767234594E12
1026,1.574767234656E12
1026,1.574767234656E12
1027,1.574767234687E12
1028,1.574767234721E12
1031,1.574767234888E12
1032,1.574767234919E12
1033,1.574767234951E12
1034,1.574767234982E12
1034,1.574767234982E12
1035,1.574767235022E12
1035,1.574767235022E12
1036,1.574767235064E12
1037,1.574767235096E12
1038,1.57476723512E12
1040,1.574767235208E12
1040,1.574767235208E12
1042,1.574767235354E12
1043,1.574767235386E12
1044,1.574767235419E12
1045,1.57476723545E12
1045,1.57476723545E12
1046,1.574767235483E12
1047,1.574767235522E12
1049,1.574767235587E12
1050,1.574767235618E12
1050,1.574767235618E12
1051,1.57476723565E12
1052,1.574767235688E12
1053,1.574767235778E12
1055,1.574767235853E12
1055,1.574767235853E12
1056,1.574767235889E12
1057,1.57476723592E12
0,0.0
1,1.574770062434E12
2,1.574770062476E12
3,1.57477006251E12
4,1.574770062543E12
5,1.574770062577E12
6,1.57477006261E12
7,1.57477006273E12
8,1.574770062792E12
9,1.574770062827E12
11,1.574770062892E12
11,1.574770062892E12
13,1.574770062958E12
13,1.574770062958E12
14,1.574770062992E12
15,1.574770063027E12
16,1.574770063058E12
17,1.574770063094E12
18,1.574770063125E12
20,1.574770063193E12
20,1.574770063193E12
22,1.574770063261E12
22,1.574770063261E12
23,1.574770063294E12
24,1.574770063329E12
25,1.574770063358E12
26,1.574770063397E12
27,1.574770063428E12
28,1.574770063459E12
29,1.574770063498E12
30,1.57477006353E12
31,1.574770063569E12
32,1.574770063613E12
33,1.574770063641E12
34,1.574770063689E12
35,1.574770063839E12
37,1.5747700639E12
37,1.5747700639E12
39,1.574770063965E12
39,1.574770063965E12
41,1.57477006407E12
41,1.57477006407E12
42,1.574770064112E12
43,1.574770064136E12
44,1.574770064168E12
45,1.574770064235E12
46,1.574770064264E12
47,1.574770064302E12
48,1.574770064331E12
49,1.574770064372E12
50,1.574770064403E12
51,1.574770064431E12
52,1.574770064472E12
53,1.574770064522E12
54,1.574770064611E12
55,1.574770064644E12
56,1.57477006468E12
58,1.574770064759E12
58,1.574770064759E12
59,1.574770064844E12
61,1.574770064926E12
62,1.574770064961E12
63,1.574770064989E12
64,1.574770065021E12
64,1.574770065021E12
65,1.574770065055E12
66,1.574770065091E12
67,1.574770065129E12
68,1.574770065155E12
69,1.574770065187E12
70,1.574770065227E12
71,1.574770065256E12
72,1.574770065296E12
73,1.574770065331E12
74,1.574770065378E12
75,1.574770065417E12
76,1.57477006546E12
77,1.574770065493E12
78,1.574770065533E12
79,1.574770065571E12
81,1.574770065635E12
82,1.574770065674E12
82,1.574770065674E12
83,1.574770065708E12
84,1.574770065742E12
86,1.574770065835E12
87,1.574770065874E12
88,1.574770065904E12
88,1.574770065904E12
89,1.574770065937E12
91,1.574770066064E12
92,1.574770066086E12
93,1.574770066112E12
94,1.574770066136E12
95,1.574770066169E12
96,1.574770066204E12
96,1.574770066204E12
97,1.574770066244E12
98,1.57477006627E12
99,1.574770066313E12
100,1.574770066345E12
101,1.574770066372E12
102,1.574770066405E12
103,1.574770066437E12
105,1.574770066545E12
106,1.574770066582E12
107,1.574770066612E12
107,1.574770066612E12
108,1.574770066652E12
110,1.574770066835E12
110,1.574770066835E12
111,1.574770066878E12
113,1.574770066956E12
114,1.574770066994E12
114,1.574770066994E12
115,1.574770067046E12
116,1.574770067076E12
117,1.574770067119E12
119,1.574770067198E12
119,1.574770067198E12
120,1.574770067235E12
121,1.574770067276E12
123,1.574770067354E12
123,1.574770067354E12
125,1.574770067432E12
125,1.574770067432E12
126,1.57477006748E12
127,1.57477006751E12
128,1.574770067556E12
130,1.574770067679E12
131,1.574770067714E12
131,1.574770067714E12
132,1.574770067762E12
133,1.574770067816E12
134,1.574770067847E12
135,1.574770067886E12
136,1.574770067918E12
137,1.574770067966E12
138,1.574770068055E12
139,1.574770068087E12
140,1.574770068133E12
142,1.574770068194E12
142,1.574770068194E12
143,1.574770068289E12
144,1.574770068326E12
145,1.574770068363E12
146,1.574770068398E12
148,1.574770068503E12
149,1.574770068517E12
150,1.574770068559E12
151,1.574770068602E12
151,1.574770068602E12
152,1.574770068649E12
153,1.574770068689E12
154,1.574770068723E12
155,1.574770068769E12
156,1.574770068806E12
157,1.574770068847E12
159,1.574770068925E12
160,1.574770068963E12
161,1.574770069008E12
162,1.574770069043E12
163,1.57477006908E12
164,1.574770069124E12
164,1.574770069124E12
165,1.574770069171E12
166,1.57477006921E12
167,1.574770069242E12
168,1.574770069283E12
170,1.574770069367E12
170,1.574770069367E12
171,1.574770069405E12
173,1.574770069497E12
174,1.574770069528E12
175,1.574770069558E12
175,1.574770069558E12
176,1.574770069605E12
178,1.574770069778E12
179,1.574770069823E12
180,1.574770069849E12
181,1.574770069878E12
182,1.574770069919E12
182,1.574770069919E12
183,1.574770069971E12
185,1.57477007009E12
186,1.57477007013E12
186,1.57477007013E12
187,1.574770070168E12
188,1.574770070211E12
190,1.574770070331E12
191,1.574770070362E12
191,1.574770070362E12
192,1.574770070406E12
193,1.574770070445E12
195,1.574770070573E12
196,1.574770070606E12
196,1.574770070606E12
197,1.57477007066E12
198,1.574770070689E12
199,1.574770070775E12
200,1.574770070811E12
202,1.574770070929E12
204,1.574770071004E12
204,1.574770071004E12
205,1.574770071044E12
205,1.574770071044E12
207,1.57477007116E12
208,1.574770071187E12
209,1.574770071215E12
210,1.574770071243E12
211,1.574770071276E12
211,1.574770071276E12
212,1.574770071314E12
213,1.574770071359E12
214,1.574770071386E12
215,1.574770071416E12
216,1.574770071444E12
217,1.574770071478E12
218,1.574770071563E12
220,1.574770071624E12
221,1.574770071649E12
221,1.574770071649E12
223,1.574770071711E12
223,1.574770071711E12
224,1.574770071756E12
225,1.574770071822E12
226,1.5747700719E12
228,1.57477007198E12
229,1.574770072014E12
230,1.574770072047E12
231,1.574770072087E12
231,1.574770072087E12
232,1.574770072156E12
233,1.574770072188E12
234,1.574770072228E12
235,1.5747700723E12
238,1.574770072489E12
239,1.574770072515E12
240,1.574770072555E12
241,1.574770072582E12
242,1.574770072613E12
242,1.574770072613E12
242,1.574770072613E12
243,1.574770072678E12
244,1.574770072714E12
245,1.574770072747E12
246,1.574770072781E12
247,1.574770072814E12
248,1.574770072847E12
249,1.574770072878E12
250,1.574770072908E12
252,1.574770072986E12
253,1.574770073015E12
253,1.574770073015E12
254,1.574770073049E12
255,1.574770073087E12
256,1.574770073111E12
258,1.57477007323E12
259,1.574770073276E12
260,1.574770073313E12
261,1.574770073348E12
263,1.574770073423E12
264,1.574770073449E12
264,1.574770073449E12
265,1.574770073481E12
266,1.574770073511E12
267,1.574770073541E12
267,1.574770073541E12
268,1.574770073611E12
270,1.574770073678E12
271,1.574770073708E12
271,1.574770073708E12
272,1.574770073745E12
273,1.57477007378E12
274,1.574770073818E12
275,1.574770073861E12
276,1.574770073886E12
277,1.57477007392E12
278,1.57477007395E12
279,1.574770073981E12
281,1.57477007408E12
281,1.57477007408E12
283,1.574770074153E12
283,1.574770074153E12
285,1.57477007423E12
286,1.574770074252E12
286,1.574770074252E12
287,1.574770074317E12
288,1.574770074364E12
289,1.574770074392E12
290,1.574770074454E12
291,1.574770074492E12
292,1.57477007452E12
294,1.574770074651E12
294,1.574770074651E12
295,1.574770074709E12
296,1.574770074742E12
297,1.574770074858E12
298,1.574770074858E12
300,1.574770074922E12
300,1.574770074922E12
301,1.574770074952E12
302,1.574770075061E12
304,1.574770075153E12
305,1.5747700752E12
306,1.574770075246E12
306,1.574770075246E12
307,1.574770075313E12
309,1.574770075376E12
309,1.574770075376E12
310,1.574770075414E12
312,1.57477007548E12
313,1.574770075515E12
313,1.574770075515E12
314,1.574770075556E12
315,1.574770075594E12
317,1.57477007572E12
317,1.57477007572E12
318,1.574770075762E12
319,1.574770075795E12
320,1.574770075829E12
321,1.574770075885E12
323,1.574770075993E12
325,1.574770076045E12
326,1.57477007608E12
326,1.57477007608E12
327,1.574770076144E12
327,1.574770076144E12
329,1.574770076261E12
330,1.574770076299E12
331,1.574770076319E12
331,1.574770076319E12
332,1.574770076365E12
333,1.574770076391E12
334,1.574770076421E12
335,1.574770076446E12
336,1.574770076487E12
337,1.574770076528E12
338,1.574770076589E12
340,1.574770076648E12
340,1.574770076648E12
342,1.574770076716E12
342,1.574770076716E12
344,1.57477007682E12
344,1.57477007682E12
345,1.574770076878E12
346,1.574770076913E12
347,1.574770076958E12
348,1.574770077015E12
349,1.57477007705E12
350,1.574770077086E12
352,1.574770077186E12
353,1.574770077215E12
353,1.574770077215E12
354,1.574770077304E12
356,1.574770077392E12
357,1.57477007742E12
358,1.574770077442E12
358,1.574770077442E12
359,1.57477007748E12
360,1.574770077509E12
361,1.574770077547E12
363,1.574770077654E12
364,1.574770077686E12
365,1.574770077715E12
366,1.574770077753E12
366,1.574770077753E12
367,1.574770077902E12
368,1.574770077953E12
369,1.574770078002E12
370,1.574770078043E12
371,1.574770078077E12
372,1.574770078111E12
373,1.574770078145E12
374,1.574770078179E12
375,1.57477007821E12
376,1.574770078249E12
377,1.574770078277E12
378,1.574770078311E12
379,1.574770078348E12
381,1.574770078413E12
381,1.574770078413E12
382,1.574770078447E12
384,1.57477007851E12
384,1.57477007851E12
386,1.57477007861E12
386,1.57477007861E12
387,1.57477007868E12
389,1.574770078742E12
389,1.574770078742E12
390,1.574770078787E12
391,1.57477007882E12
393,1.57477007889E12
394,1.574770078918E12
394,1.574770078918E12
396,1.574770079027E12
397,1.574770079075E12
397,1.574770079075E12
398,1.57477007911E12
399,1.574770079146E12
400,1.574770079181E12
401,1.574770079214E12
402,1.574770079253E12
403,1.574770079284E12
404,1.574770079329E12
406,1.574770079387E12
407,1.57477007941E12
407,1.57477007941E12
408,1.574770079454E12
410,1.574770079519E12
410,1.574770079519E12
411,1.574770079589E12
412,1.574770079709E12
414,1.574770079821E12
415,1.574770079846E12
416,1.574770079874E12
417,1.574770079911E12
417,1.574770079911E12
418,1.574770080039E12
420,1.57477008011E12
421,1.574770080144E12
421,1.574770080144E12
422,1.574770080188E12
423,1.574770080224E12
424,1.574770080258E12
426,1.574770080313E12
426,1.574770080313E12
427,1.574770080484E12
428,1.574770080516E12
429,1.57477008056E12
430,1.574770080589E12
432,1.574770080649E12
433,1.574770080685E12
433,1.574770080685E12
436,1.57477008088E12
437,1.574770080921E12
438,1.574770080952E12
439,1.574770081019E12
440,1.574770081043E12
440,1.574770081043E12
440,1.574770081043E12
441,1.574770081168E12
443,1.574770081254E12
445,1.574770081316E12
446,1.574770081345E12
446,1.574770081345E12
446,1.574770081345E12
448,1.574770081487E12
449,1.574770081522E12
450,1.574770081546E12
451,1.574770081578E12
451,1.574770081578E12
453,1.574770081758E12
454,1.574770081787E12
455,1.574770081817E12
455,1.574770081817E12
456,1.574770081863E12
457,1.574770081898E12
459,1.574770082029E12
461,1.574770082076E12
462,1.574770082113E12
462,1.574770082113E12
463,1.574770082144E12
464,1.574770082185E12
464,1.574770082185E12
465,1.574770082213E12
467,1.574770082287E12
468,1.574770082313E12
468,1.574770082313E12
470,1.574770082415E12
470,1.574770082415E12
471,1.574770082479E12
472,1.574770082512E12
473,1.574770082543E12
475,1.574770082613E12
475,1.574770082613E12
476,1.574770082651E12
477,1.574770082683E12
478,1.57477008272E12
479,1.574770082751E12
480,1.574770082786E12
482,1.574770082858E12
483,1.574770082918E12
484,1.574770082956E12
485,1.574770082984E12
485,1.574770082984E12
486,1.574770083059E12
489,1.574770083251E12
491,1.574770083313E12
491,1.574770083313E12
491,1.574770083313E12
492,1.574770083415E12
492,1.574770083415E12
494,1.574770083515E12
495,1.574770083545E12
495,1.574770083545E12
496,1.574770083583E12
497,1.574770083613E12
498,1.574770083642E12
499,1.57477008368E12
500,1.57477008371E12
501,1.574770083748E12
503,1.574770083811E12
503,1.574770083811E12
505,1.574770083886E12
506,1.574770083912E12
507,1.574770083947E12
508,1.574770083974E12
508,1.574770083974E12
510,1.574770084112E12
511,1.574770084144E12
512,1.574770084184E12
512,1.574770084184E12
513,1.57477008422E12
514,1.57477008428E12
516,1.574770084343E12
516,1.574770084343E12
518,1.574770084445E12
518,1.574770084445E12
519,1.57477008454E12
521,1.574770084658E12
522,1.574770084686E12
523,1.574770084716E12
524,1.574770084752E12
524,1.574770084752E12
525,1.574770084828E12
526,1.574770084928E12
527,1.574770084967E12
528,1.574770085015E12
529,1.574770085055E12
531,1.574770085147E12
532,1.574770085188E12
532,1.574770085188E12
533,1.574770085245E12
534,1.574770085316E12
537,1.574770085451E12
537,1.574770085451E12
539,1.574770085517E12
540,1.574770085543E12
540,1.574770085543E12
540,1.574770085543E12
541,1.574770085621E12
542,1.574770085658E12
544,1.574770085725E12
545,1.574770085752E12
545,1.574770085752E12
546,1.574770085877E12
548,1.574770085994E12
550,1.574770086047E12
551,1.574770086084E12
551,1.574770086112E12
552,1.574770086112E12
553,1.574770086145E12
553,1.574770086145E12
555,1.574770086249E12
556,1.574770086278E12
556,1.574770086278E12
557,1.57477008633E12
558,1.574770086355E12
560,1.574770086464E12
561,1.57477008649E12
561,1.57477008649E12
562,1.574770086559E12
564,1.574770086617E12
564,1.574770086617E12
565,1.574770086679E12
566,1.574770086711E12
567,1.57477008675E12
568,1.574770086819E12
570,1.574770086885E12
571,1.574770086912E12
571,1.574770086912E12
572,1.574770086955E12
574,1.574770087049E12
575,1.574770087085E12
575,1.574770087085E12
576,1.574770087157E12
577,1.574770087219E12
579,1.574770087287E12
580,1.574770087313E12
581,1.574770087345E12
581,1.574770087345E12
582,1.574770087419E12
585,1.574770087563E12
586,1.57477008761E12
587,1.574770087649E12
588,1.574770087684E12
588,1.574770087684E12
589,1.574770087741E12
590,1.574770087776E12
591,1.574770087808E12
591,1.574770087808E12
592,1.574770087883E12
594,1.574770087949E12
594,1.574770087949E12
595,1.574770087987E12
597,1.574770088045E12
597,1.574770088045E12
598,1.574770088118E12
600,1.574770088266E12
601,1.57477008831E12
602,1.574770088338E12
602,1.574770088338E12
603,1.574770088417E12
604,1.574770088452E12
606,1.574770088512E12
606,1.574770088512E12
607,1.574770088552E12
608,1.5747700886E12
610,1.574770088713E12
611,1.574770088754E12
612,1.574770088785E12
613,1.574770088811E12
614,1.574770088868E12
614,1.574770088868E12
616,1.574770089023E12
617,1.574770089046E12
618,1.574770089077E12
619,1.574770089112E12
619,1.574770089112E12
620,1.574770089154E12
622,1.574770089256E12
623,1.574770089284E12
623,1.574770089284E12
625,1.574770089404E12
626,1.574770089431E12
627,1.574770089476E12
628,1.574770089512E12
629,1.574770089542E12
630,1.574770089576E12
630,1.574770089576E12
631,1.574770089614E12
632,1.574770089644E12
634,1.574770089711E12
634,1.574770089711E12
635,1.574770089749E12
636,1.574770089778E12
637,1.574770089816E12
638,1.574770089888E12
640,1.574770090003E12
640,1.574770090003E12
642,1.574770090109E12
642,1.574770090109E12
644,1.574770090183E12
645,1.574770090221E12
647,1.574770090279E12
649,1.574770090454E12
650,1.574770090489E12
651,1.574770090514E12
652,1.57477009055E12
653,1.574770090588E12
656,1.574770090789E12
659,1.574770090873E12
661,1.574770090942E12
662,1.574770090976E12
663,1.574770091011E12
663,1.574770091011E12
665,1.574770091071E12
666,1.574770091108E12
667,1.57477009114E12
668,1.574770091173E12
671,1.574770091275E12
672,1.574770091311E12
674,1.574770091376E12
675,1.574770091413E12
677,1.57477009149E12
680,1.574770091585E12
683,1.574770091722E12
687,1.574770091922E12
688,1.574770091975E12
778,1.574770095643E12
779,1.574770095679E12
780,1.57477009571E12
781,1.574770095746E12
782,1.574770095785E12
783,1.574770095825E12
784,1.574770095862E12
785,1.57477009589E12
786,1.574770095922E12
788,1.574770096027E12
789,1.574770096055E12
789,1.574770096055E12
790,1.574770096087E12
791,1.574770096117E12
792,1.574770096156E12
793,1.574770096177E12
795,1.574770096356E12
796,1.574770096383E12
797,1.574770096414E12
797,1.574770096414E12
798,1.574770096453E12
799,1.574770096478E12
801,1.574770096583E12
801,1.574770096583E12
803,1.574770096681E12
803,1.574770096681E12
805,1.574770096784E12
805,1.574770096784E12
806,1.574770096851E12
807,1.574770096877E12
808,1.574770096916E12
809,1.574770096989E12
810,1.574770097044E12
812,1.574770097192E12
814,1.574770097246E12
815,1.574770097274E12
816,1.574770097308E12
817,1.574770097344E12
818,1.574770097375E12
818,1.574770097375E12
819,1.574770097411E12
819,1.574770097411E12
820,1.574770097451E12
821,1.574770097472E12
822,1.574770097507E12
824,1.574770097582E12
824,1.574770097582E12
826,1.574770097683E12
826,1.574770097683E12
828,1.574770097783E12
828,1.574770097783E12
830,1.574770097869E12
830,1.574770097869E12
831,1.574770097949E12
832,1.574770097983E12
833,1.57477009803E12
834,1.574770098066E12
835,1.574770098106E12
836,1.574770098143E12
837,1.574770098184E12
839,1.574770098271E12
840,1.574770098316E12
841,1.57477009835E12
841,1.57477009835E12
842,1.574770098391E12
843,1.574770098419E12
845,1.574770098485E12
845,1.574770098485E12
846,1.574770098521E12
848,1.574770098618E12
848,1.574770098618E12
849,1.574770098661E12
850,1.574770098703E12
851,1.574770098739E12
852,1.57477009878E12
854,1.574770098888E12
855,1.57477009892E12
855,1.57477009892E12
857,1.574770098986E12
857,1.574770098986E12
858,1.574770099029E12
859,1.574770099061E12
860,1.574770099099E12
862,1.574770099155E12
862,1.574770099155E12
864,1.574770099321E12
864,1.574770099321E12
866,1.574770099393E12
867,1.574770099419E12
867,1.574770099419E12
869,1.574770099524E12
869,1.574770099524E12
871,1.574770099631E12
872,1.57477009966E12
873,1.574770099713E12
873,1.574770099713E12
874,1.574770099751E12
875,1.574770099786E12
878,1.574770099924E12
879,1.574770099949E12
880,1.574770099983E12
880,1.574770099983E12
880,1.574770099983E12
881,1.57477010005E12
882,1.574770100123E12
884,1.574770100196E12
885,1.574770100221E12
886,1.574770100248E12
886,1.574770100248E12
887,1.574770100328E12
889,1.574770100386E12
889,1.574770100386E12
890,1.574770100431E12
891,1.574770100459E12
893,1.574770100556E12
894,1.574770100589E12
894,1.574770100589E12
895,1.574770100677E12
898,1.574770100789E12
901,1.574770100881E12
901,1.574770100881E12
902,1.574770100912E12
903,1.574770100947E12
903,1.574770100947E12
906,1.574770101097E12
908,1.574770101156E12
915,1.574770101461E12
916,1.574770101529E12
917,1.574770101587E12
918,1.574770101654E12
919,1.574770101716E12
920,1.574770101758E12
922,1.574770101818E12
923,1.574770101846E12
923,1.574770101846E12
926,1.574770102023E12
927,1.574770102053E12
928,1.574770102084E12
929,1.574770102116E12
929,1.574770102116E12
930,1.574770102153E12
931,1.574770102183E12
934,1.574770102296E12
935,1.574770102324E12
936,1.574770102353E12
936,1.574770102353E12
938,1.574770102424E12
938,1.574770102424E12
940,1.574770102557E12
940,1.574770102557E12
942,1.574770102658E12
943,1.574770102686E12
944,1.574770102723E12
944,1.574770102723E12
947,1.574770102886E12
948,1.574770102918E12
949,1.574770102948E12
950,1.574770102982E12
950,1.574770102982E12
952,1.574770103088E12
953,1.574770103127E12
954,1.574770103157E12
955,1.574770103192E12
958,1.574770103474E12
960,1.574770103548E12
961,1.574770103579E12
961,1.574770103579E12
961,1.574770103579E12
968,1.574770103888E12
969,1.574770103934E12
971,1.574770103992E12
972,1.574770104016E12
972,1.574770104016E12
973,1.574770104062E12
974,1.574770104088E12
975,1.574770104116E12
976,1.57477010421E12
978,1.574770104281E12
979,1.574770104311E12
979,1.574770104311E12
980,1.574770104346E12
982,1.574770104413E12
983,1.574770104449E12
983,1.574770104449E12
984,1.57477010448E12
985,1.574770104514E12
986,1.574770104548E12
987,1.574770104582E12
988,1.574770104613E12
989,1.574770104655E12
990,1.574770104689E12
991,1.574770104722E12
992,1.574770104757E12
993,1.574770104793E12
994,1.574770104863E12
995,1.574770104927E12
997,1.574770105014E12
998,1.574770105046E12
998,1.574770105046E12
999,1.57477010514E12
1001,1.574770105216E12
1002,1.574770105245E12
1003,1.574770105277E12
1004,1.574770105314E12
1004,1.574770105314E12
1006,1.574770105384E12
1007,1.574770105421E12
1008,1.574770105446E12
1008,1.574770105446E12
1009,1.574770105488E12
1010,1.574770105561E12
1012,1.574770105655E12
1013,1.574770105694E12
1014,1.574770105753E12
1014,1.574770105753E12
1015,1.57477010579E12
1016,1.574770105833E12
1018,1.574770105922E12
1018,1.574770105922E12
1020,1.574770106022E12
1020,1.574770106022E12
1022,1.574770106115E12
1023,1.574770106147E12
1023,1.574770106147E12
1024,1.574770106241E12
1025,1.574770106293E12
1027,1.574770106351E12
1028,1.574770106378E12
1029,1.574770106413E12
1029,1.574770106413E12
1031,1.574770106523E12
1032,1.574770106549E12
1033,1.574770106586E12
1033,1.574770106586E12
1034,1.574770106624E12
1036,1.574770106758E12
1036,1.574770106758E12
1038,1.574770106863E12
1038,1.574770106863E12
1039,1.574770106958E12
1041,1.574770107094E12
1041,1.574770107094E12
1043,1.574770107185E12
1043,1.574770107185E12
1044,1.574770107221E12
1046,1.574770107322E12
1047,1.574770107354E12
1048,1.574770107381E12
1049,1.574770107409E12
1049,1.574770107409E12
1051,1.574770107594E12
1052,1.574770107622E12
1053,1.574770107649E12
1054,1.574770107683E12
1055,1.574770107715E12
1055,1.574770107715E12
1056,1.574770107821E12
1058,1.57477010788E12
1059,1.574770107912E12
1059,1.574770107912E12
1060,1.57477010795E12
1062,1.57477010812E12
1063,1.574770108167E12
1063,1.574770108167E12
1064,1.574770108196E12
1065,1.57477010822E12
1066,1.574770108258E12
1067,1.574770108289E12
1069,1.574770108352E12
1070,1.574770108379E12
1070,1.574770108379E12
1071,1.57477010845E12
1073,1.574770108528E12
1074,1.574770108556E12
1075,1.574770108585E12
1075,1.574770108585E12
1076,1.574770108624E12
1077,1.574770108669E12
1078,1.574770108761E12
1080,1.574770108846E12
1081,1.574770108879E12
1081,1.574770108879E12
1083,1.574770108981E12
1083,1.574770108981E12
1084,1.574770109022E12
1085,1.574770109054E12
1086,1.574770109087E12
1087,1.574770109116E12
1088,1.574770109152E12
1089,1.574770109197E12
1091,1.574770109257E12
1092,1.574770109283E12
1093,1.574770109312E12
1094,1.574770109345E12
1094,1.574770109345E12
1095,1.57477010939E12
1096,1.57477010946E12
1098,1.574770109512E12
1098,1.574770109512E12
1099,1.574770109578E12
1100,1.574770109671E12
1102,1.574770109744E12
1102,1.574770109744E12
1103,1.574770109796E12
1104,1.574770109837E12
1105,1.574770109872E12
1106,1.574770109954E12
1108,1.574770110121E12
1110,1.574770110179E12
1111,1.574770110222E12
1112,1.574770110261E12
1112,1.574770110261E12
1112,1.574770110261E12
1113,1.574770110379E12
1114,1.574770110417E12
1115,1.574770110454E12
1116,1.574770110498E12
1117,1.574770110533E12
1118,1.574770110581E12
1120,1.574770110658E12
1120,1.574770110658E12
1121,1.574770110712E12
1122,1.574770110747E12
1123,1.574770110781E12
1124,1.574770110818E12
1125,1.574770110868E12
1126,1.574770110898E12
1127,1.574770110941E12
1128,1.574770110978E12
1129,1.57477011102E12
1130,1.574770111065E12
1131,1.574770111115E12
1132,1.574770111154E12
1133,1.574770111196E12
1134,1.574770111229E12
1135,1.574770111264E12
1137,1.574770111349E12
1138,1.574770111381E12
1139,1.574770111418E12
1139,1.574770111418E12
1140,1.574770111459E12
1141,1.57477011155E12
1142,1.574770111583E12
1143,1.574770111626E12
1144,1.574770111672E12
1145,1.574770111702E12
1146,1.574770111739E12
1147,1.574770111781E12
1148,1.574770111829E12
1149,1.574770111861E12
1150,1.574770111905E12
1151,1.574770111947E12
1152,1.574770111992E12
1154,1.574770112059E12
1155,1.574770112106E12
1156,1.574770112141E12
1157,1.574770112182E12
1158,1.574770112226E12
1159,1.574770112277E12
1160,1.574770112312E12
1161,1.574770112346E12
1163,1.574770112424E12
1163,1.574770112424E12
1164,1.574770112467E12
1165,1.574770112501E12
1166,1.574770112541E12
1167,1.574770112587E12
1168,1.574770112626E12
1169,1.574770112667E12
1170,1.574770112702E12
1172,1.574770112785E12
1173,1.574770112823E12
1173,1.574770112823E12
1174,1.574770112872E12
1176,1.574770112938E12
1176,1.574770112938E12
1178,1.574770113017E12
1178,1.574770113017E12
1179,1.57477011305E12
1180,1.57477011311E12
1182,1.574770113172E12
1182,1.574770113172E12
1183,1.574770113206E12
1185,1.574770113267E12
1185,1.574770113267E12
1186,1.574770113309E12
1187,1.57477011334E12
1188,1.574770113382E12
1189,1.57477011344E12
1191,1.574770113536E12
1192,1.574770113573E12
1193,1.574770113609E12
1193,1.574770113609E12
1194,1.574770113643E12
1196,1.574770113733E12
1196,1.574770113733E12
1198,1.574770113871E12
1199,1.574770113902E12
1199,1.574770113902E12
1200,1.574770113943E12
1201,1.574770113973E12
1202,1.574770114013E12
1203,1.574770114044E12
1204,1.57477011407E12
1205,1.574770114144E12
1207,1.574770114283E12
1209,1.574770114333E12
1209,1.574770114333E12
1210,1.574770114375E12
1210,1.574770114375E12
1212,1.57477011447E12
1213,1.574770114504E12
1213,1.574770114504E12
1214,1.574770114582E12
1215,1.574770114642E12
1217,1.574770114717E12
1217,1.574770114717E12
1218,1.574770114779E12
1220,1.57477011494E12
1221,1.574770114978E12
1223,1.574770115033E12
1224,1.574770115067E12
1225,1.574770115102E12
1225,1.574770115102E12
1225,1.574770115102E12
1227,1.574770115238E12
1228,1.57477011527E12
1228,1.57477011527E12
1229,1.574770115316E12
1231,1.574770115371E12
1231,1.574770115371E12
1233,1.574770115429E12
1233,1.574770115429E12
1234,1.574770115471E12
1235,1.574770115523E12
1237,1.574770115605E12
1238,1.574770115631E12
1239,1.574770115664E12
1239,1.574770115664E12
1240,1.574770115718E12
1242,1.574770115814E12
1243,1.574770115836E12
1244,1.57477011588E12
1245,1.574770115918E12
1246,1.574770115953E12
1246,1.574770115953E12
1247,1.574770116021E12
1249,1.574770116113E12
1251,1.574770116172E12
1252,1.574770116207E12
1253,1.574770116241E12
1253,1.574770116241E12
1253,1.574770116241E12
1255,1.57477011644E12
1256,1.574770116473E12
1257,1.574770116503E12
1258,1.574770116539E12
1258,1.574770116539E12
1259,1.57477011661E12
1261,1.574770116707E12
1262,1.574770116738E12
1262,1.574770116738E12
1263,1.574770116803E12
1264,1.574770116851E12
1265,1.5747701169E12
1266,1.574770116938E12
1267,1.574770116976E12
1272,1.574770117201E12
1273,1.574770117279E12
1275,1.574770117348E12
1276,1.574770117376E12
1276,1.574770117376E12
1277,1.57477011741E12
1279,1.57477011752E12
1279,1.57477011752E12
1281,1.574770117633E12
1282,1.574770117666E12
1282,1.574770117666E12
1284,1.574770117735E12
1284,1.574770117735E12
1285,1.574770117809E12
1287,1.574770117866E12
1287,1.574770117866E12
1288,1.574770117902E12
1289,1.57477011795E12
1290,1.574770118063E12
1291,1.574770118106E12
1293,1.574770118166E12
1293,1.574770118166E12
1294,1.574770118207E12
1295,1.574770118234E12
1296,1.574770118266E12
1297,1.574770118341E12
1299,1.574770118431E12
1299,1.574770118431E12
1300,1.574770118478E12
1301,1.574770118564E12
1302,1.574770118602E12
1304,1.574770118701E12
1306,1.574770118766E12
1307,1.574770118798E12
1307,1.574770118798E12
1307,1.574770118798E12
1309,1.574770118906E12
1310,1.574770118936E12
1310,1.574770118936E12
1311,1.574770118976E12
1312,1.574770119003E12
1314,1.574770119113E12
1314,1.574770119113E12
1315,1.574770119174E12
1317,1.574770119247E12
1317,1.574770119247E12
1319,1.574770119339E12
1319,1.574770119339E12
1320,1.574770119377E12
1321,1.574770119406E12
1322,1.57477011944E12
1323,1.574770119476E12
1325,1.574770119725E12
1327,1.574770119798E12
1327,1.574770119798E12
1328,1.574770119833E12
1329,1.574770119863E12
1330,1.574770119899E12
1330,1.574770119899E12
1332,1.574770120003E12
1333,1.574770120034E12
1334,1.574770120066E12
1334,1.574770120066E12
1335,1.574770120107E12
1336,1.57477012014E12
1337,1.574770120174E12
1338,1.574770120211E12
1339,1.57477012024E12
1341,1.574770120338E12
1341,1.574770120338E12
1342,1.574770120442E12
1344,1.574770120565E12
1344,1.574770120565E12
1345,1.574770120629E12
1347,1.574770120697E12
1347,1.574770120697E12
1349,1.57477012077E12
1350,1.5747701208E12
1350,1.5747701208E12
1351,1.574770120833E12
1352,1.57477012087E12
1354,1.57477012098E12
1355,1.574770121011E12
1357,1.574770121061E12
1357,1.574770121061E12
1357,1.574770121061E12
1358,1.574770121194E12
1359,1.574770121236E12
1362,1.574770121349E12
1364,1.574770121395E12
1364,1.574770121395E12
1365,1.57477012143E12
1365,1.57477012143E12
1365,1.57477012143E12
1367,1.574770121576E12
1368,1.574770121609E12
1369,1.574770121635E12
1370,1.574770121665E12
1370,1.574770121665E12
1371,1.574770121699E12
1373,1.574770121834E12
1374,1.574770121863E12
1375,1.574770121898E12
1376,1.574770121928E12
1376,1.574770121928E12
1378,1.57477012207E12
1379,1.5747701221E12
1380,1.574770122134E12
1380,1.574770122134E12
1381,1.574770122185E12
1384,1.574770122302E12
1385,1.574770122345E12
1386,1.574770122366E12
1387,1.5747701224E12
1387,1.5747701224E12
1387,1.5747701224E12
1388,1.574770122474E12
1390,1.574770122577E12
1392,1.574770122644E12
1394,1.574770122699E12
1394,1.574770122699E12
1394,1.574770122699E12
1394,1.574770122699E12
1396,1.574770122866E12
1396,1.574770122866E12
1397,1.574770122902E12
1398,1.574770122931E12
1400,1.574770123008E12
1401,1.574770123037E12
1403,1.574770123099E12
1403,1.574770123099E12
1404,1.57477012314E12
1406,1.574770123267E12
1406,1.574770123267E12
1407,1.574770123358E12
1408,1.574770123404E12
1409,1.574770123442E12
1410,1.574770123476E12
1411,1.574770123507E12
1413,1.574770123577E12
1413,1.574770123577E12
1414,1.574770123633E12
1415,1.574770123699E12
1417,1.574770123798E12
1418,1.574770123832E12
1418,1.574770123832E12
1419,1.574770123873E12
1420,1.574770123906E12
1421,1.574770123933E12
1422,1.574770123966E12
1423,1.574770124006E12
1425,1.574770124148E12
1425,1.574770124148E12
1426,1.574770124193E12
1427,1.574770124228E12
1428,1.574770124264E12
1429,1.574770124296E12
1431,1.574770124366E12
1432,1.574770124399E12
1433,1.574770124429E12
1434,1.574770124462E12
1434,1.574770124462E12
1436,1.574770124563E12
1437,1.574770124597E12
1438,1.574770124629E12
1438,1.574770124629E12
1439,1.574770124664E12
1440,1.57477012473E12
1441,1.574770124763E12
1443,1.574770124839E12
1444,1.574770124874E12
1444,1.574770124874E12
1445,1.574770124913E12
1447,1.574770124976E12
1447,1.574770124976E12
1449,1.574770125066E12
1450,1.574770125116E12
1451,1.574770125167E12
1452,1.574770125198E12
1453,1.574770125234E12
1454,1.574770125265E12
1455,1.574770125298E12
1455,1.574770125298E12
1456,1.57477012533E12
1457,1.574770125376E12
1459,1.574770125433E12
1459,1.574770125433E12
1460,1.574770125473E12
1461,1.5747701255E12
1462,1.574770125536E12
1463,1.574770125613E12
1464,1.574770125691E12
1466,1.574770125767E12
1466,1.574770125767E12
1467,1.574770125805E12
1469,1.574770125876E12
1469,1.574770125876E12
1470,1.574770125931E12
1471,1.574770125964E12
1472,1.574770126E12
1474,1.574770126109E12
1475,1.574770126143E12
1476,1.57477012618E12
1477,1.57477012621E12
1477,1.57477012621E12
1478,1.574770126245E12
1480,1.57477012636E12
1482,1.57477012643E12
1483,1.574770126464E12
1483,1.574770126464E12
1484,1.574770126503E12
1486,1.574770126573E12
1486,1.574770126573E12
1488,1.57477012664E12
1489,1.574770126673E12
1490,1.574770126706E12
1492,1.574770126907E12
1493,1.574770126934E12
1495,1.574770126998E12
1495,1.574770126998E12
1497,1.574770127143E12
1498,1.574770127167E12
1499,1.574770127199E12
1500,1.574770127229E12
1502,1.574770127353E12
1503,1.574770127383E12
1504,1.574770127414E12
1506,1.574770127465E12
1506,1.574770127465E12
1507,1.574770127504E12
1511,1.574770127717E12
1538,1.57477012894E12
1543,1.574770129275E12
1544,1.574770129299E12
1545,1.57477012933E12
1546,1.574770129362E12
1546,1.574770129362E12
1547,1.574770129395E12
1549,1.574770129511E12
1550,1.574770129539E12
1551,1.574770129565E12
1551,1.574770129565E12
1552,1.5747701296E12
1553,1.574770129628E12
1554,1.574770129738E12
1556,1.574770129804E12
1557,1.57477012983E12
1558,1.574770129866E12
1558,1.574770129866E12
1560,1.574770130021E12
1561,1.574770130045E12
1562,1.574770130078E12
1562,1.574770130078E12
1563,1.574770130113E12
1565,1.574770130266E12
1567,1.574770130311E12
1568,1.574770130342E12
1569,1.574770130374E12
1569,1.574770130374E12
1570,1.57477013041E12
1570,1.57477013041E12
1571,1.574770130476E12
1572,1.57477013052E12
1573,1.574770130561E12
1575,1.574770130636E12
1576,1.574770130662E12
1577,1.574770130693E12
1577,1.574770130693E12
1578,1.574770130732E12
1580,1.574770130894E12
1581,1.574770130936E12
1582,1.574770130967E12
1582,1.574770130967E12
1583,1.574770131032E12
1585,1.574770131104E12
1586,1.574770131142E12
1587,1.574770131163E12
1587,1.574770131163E12
1588,1.574770131194E12
1589,1.574770131231E12
1590,1.574770131261E12
1592,1.574770131369E12
1592,1.574770131369E12
1593,1.574770131412E12
1596,1.574770131498E12
1597,1.574770131532E12
1598,1.574770131571E12
1599,1.574770131612E12
1601,1.574770131705E12
1602,1.574770131739E12
1602,1.574770131739E12
1603,1.574770131804E12
1605,1.574770131962E12
1605,1.574770131962E12
1606,1.574770131994E12
1608,1.574770132063E12
1608,1.574770132063E12
1609,1.574770132105E12
1610,1.574770132162E12
1612,1.57477013225E12
1612,1.57477013225E12
1613,1.574770132293E12
1614,1.574770132329E12
1615,1.574770132366E12
1616,1.574770132402E12
1617,1.574770132438E12
1618,1.574770132481E12
1619,1.574770132526E12
1621,1.574770132644E12
1622,1.574770132671E12
1623,1.574770132711E12
1624,1.574770132737E12
1625,1.574770132764E12
1625,1.574770132764E12
1626,1.574770132853E12
1628,1.574770132938E12
1629,1.574770132976E12
1630,1.574770133003E12
1631,1.574770133036E12
1632,1.574770133066E12
1632,1.574770133066E12
1633,1.574770133106E12
1635,1.5747701332E12
1636,1.57477013323E12
1636,1.57477013323E12
1637,1.574770133311E12
1638,1.574770133373E12
1639,1.574770133414E12
1640,1.574770133455E12
1642,1.574770133574E12
1643,1.574770133604E12
1643,1.574770133604E12
1644,1.574770133657E12
1645,1.57477013369E12
1647,1.574770133772E12
1647,1.574770133772E12
1649,1.574770133907E12
1650,1.57477013394E12
1651,1.574770133974E12
1651,1.574770133974E12
1652,1.574770134017E12
1654,1.574770134111E12
1655,1.57477013414E12
1655,1.57477013414E12
1657,1.574770134208E12
1657,1.574770134208E12
1658,1.574770134244E12
1659,1.574770134279E12
1660,1.574770134314E12
1662,1.574770134385E12
1663,1.574770134412E12
1664,1.574770134445E12
1665,1.574770134475E12
1665,1.574770134475E12
1666,1.574770134589E12
1668,1.574770134654E12
1669,1.574770134679E12
1670,1.574770134711E12
1670,1.574770134711E12
1671,1.574770134801E12
1673,1.574770134891E12
1674,1.574770134913E12
1675,1.574770134956E12
1676,1.574770134985E12
1677,1.574770135017E12
1677,1.574770135017E12
1678,1.574770135085E12
1680,1.574770135277E12
1682,1.574770135345E12
1683,1.574770135381E12
1683,1.574770135381E12
1684,1.574770135421E12
1685,1.574770135454E12
1685,1.574770135454E12
1687,1.574770135554E12
1687,1.574770135554E12
1689,1.574770135681E12
1689,1.574770135681E12
1690,1.574770135744E12
1691,1.574770135773E12
1693,1.574770135875E12
1694,1.57477013591E12
1694,1.57477013591E12
1695,1.574770135942E12
1696,1.574770135977E12
1698,1.574770136078E12
1698,1.574770136078E12
1699,1.57477013611E12
1701,1.574770136179E12
1701,1.574770136179E12
1703,1.574770136275E12
1703,1.574770136275E12
1704,1.574770136347E12
1705,1.574770136379E12
1706,1.574770136429E12
1707,1.57477013646E12
1708,1.574770136489E12
1709,1.574770136529E12
1710,1.574770136591E12
1711,1.574770136641E12
1713,1.574770136837E12
1713,1.574770136837E12
1714,1.574770136905E12
1715,1.574770136985E12
1716,1.574770137051E12
1717,1.574770137122E12
1718,1.574770137194E12
1719,1.574770137255E12
1720,1.574770137323E12
1721,1.574770137396E12
1722,1.574770137465E12
1723,1.574770137532E12
1724,1.574770137597E12
1725,1.57477013764E12
1726,1.57477013769E12
1727,1.574770137744E12
1728,1.574770137814E12
1729,1.574770137903E12
1730,1.574770137963E12
1731,1.574770138017E12
1732,1.574770138108E12
1733,1.574770138177E12
1734,1.574770138237E12
1735,1.574770138324E12
1736,1.574770138381E12
1737,1.574770138441E12
1738,1.574770138518E12
1739,1.574770138591E12
1740,1.574770138664E12
1741,1.574770138744E12
1742,1.574770138802E12
1743,1.574770138878E12
1744,1.574770138937E12
1745,1.574770139007E12
1746,1.574770139085E12
1747,1.574770139153E12
1748,1.574770139225E12
1749,1.574770139294E12
1750,1.574770139358E12
1751,1.574770139436E12
1752,1.574770139493E12
1753,1.574770139569E12
1754,1.574770139639E12
1755,1.574770139725E12
1756,1.574770139778E12
1757,1.574770139842E12
1758,1.574770139913E12
1760,1.574770140064E12
1760,1.574770140064E12
1761,1.574770140122E12
1762,1.574770140188E12
1763,1.574770140265E12
1764,1.574770140334E12
1765,1.574770140409E12
1766,1.57477014048E12
1767,1.574770140558E12
1768,1.57477014063E12
1769,1.5747701407E12
1770,1.574770140773E12
1771,1.574770140838E12
1772,1.574770140901E12
1773,1.57477014097E12
1774,1.574770141049E12
1775,1.574770141117E12
1776,1.574770141176E12
1777,1.574770141252E12
1778,1.57477014133E12
1779,1.5747701414E12
1780,1.574770141458E12
1781,1.574770141535E12
1782,1.574770141605E12
1783,1.574770141671E12
1784,1.574770141742E12
1785,1.574770141816E12
1786,1.574770141878E12
1787,1.574770141946E12
1788,1.574770142032E12
1789,1.574770142089E12
1790,1.574770142167E12
1791,1.57477014223E12
1792,1.574770142304E12
1793,1.574770142378E12
1794,1.574770142465E12
1795,1.574770142519E12
1796,1.574770142575E12
1797,1.574770142645E12
1798,1.574770142722E12
1799,1.574770142808E12
1800,1.574770142877E12
1801,1.574770142939E12
1802,1.574770143012E12
1803,1.574770143079E12
1804,1.574770143158E12
1805,1.574770143215E12
1806,1.574770143299E12
1807,1.57477014336E12
1808,1.574770143429E12
1809,1.574770143506E12
1810,1.574770143558E12
1812,1.574770143709E12
1812,1.574770143709E12
1813,1.57477014378E12
1814,1.574770143858E12
1815,1.574770143919E12
1816,1.574770143982E12
1817,1.574770144047E12
1818,1.574770144125E12
1819,1.574770144206E12
1820,1.574770144277E12
1821,1.574770144339E12
1822,1.574770144393E12
1823,1.574770144467E12
1824,1.574770144538E12
1825,1.574770144617E12
1826,1.574770144695E12
1827,1.574770144759E12
1828,1.574770144824E12
1829,1.574770144901E12
1830,1.574770144959E12
1831,1.57477014503E12
1832,1.574770145109E12
1833,1.574770145165E12
1834,1.574770145244E12
1835,1.574770145321E12
1836,1.574770145395E12
1837,1.57477014546E12
1838,1.574770145526E12
1839,1.574770145604E12
1840,1.574770145691E12
1841,1.574770145749E12
1842,1.574770145799E12
1843,1.574770145867E12
1844,1.574770145953E12
1845,1.574770146025E12
1846,1.574770146086E12
1847,1.574770146157E12
1849,1.574770146296E12
1849,1.574770146296E12
1850,1.574770146371E12
1851,1.574770146435E12
1852,1.574770146514E12
1853,1.574770146586E12
1854,1.574770146643E12
1856,1.574770146772E12
1856,1.574770146772E12
1857,1.57477014682E12
1859,1.574770146894E12
1859,1.574770146894E12
1860,1.574770146945E12
1861,1.57477014698E12
1862,1.574770147011E12
1863,1.574770147058E12
1865,1.574770147137E12
1866,1.574770147178E12
1867,1.574770147224E12
1868,1.57477014725E12
1868,1.57477014725E12
1869,1.574770147317E12
1870,1.574770147346E12
1871,1.574770147425E12
1873,1.574770147489E12
1874,1.574770147523E12
1875,1.574770147557E12
1875,1.574770147557E12
1877,1.574770147654E12
1877,1.574770147654E12
1879,1.574770147747E12
1879,1.574770147747E12
1880,1.57477014782E12
1882,1.574770147888E12
1882,1.574770147888E12
1884,1.574770147951E12
1884,1.574770147951E12
1885,1.574770147981E12
1886,1.574770148015E12
1887,1.574770148053E12
1889,1.574770148123E12
1890,1.574770148151E12
1890,1.574770148151E12
1891,1.574770148187E12
1892,1.574770148222E12
1894,1.574770148362E12
1896,1.574770148412E12
1897,1.574770148448E12
1897,1.574770148448E12
1897,1.574770148448E12
1899,1.574770148622E12
1900,1.57477014865E12
1901,1.574770148683E12
1902,1.574770148712E12
1902,1.574770148712E12
1903,1.57477014875E12
1904,1.57477014884E12
1905,1.574770148891E12
1907,1.57477014895E12
1907,1.57477014895E12
1908,1.574770148987E12
1910,1.574770149048E12
1910,1.574770149048E12
1911,1.57477014915E12
1913,1.574770149258E12
1914,1.574770149287E12
1914,1.574770149287E12
1915,1.574770149326E12
1920,1.574770149555E12
1921,1.574770149588E12
1922,1.574770149623E12
1925,1.574770149758E12
1927,1.574770149865E12
1928,1.574770149896E12
1929,1.574770149957E12
1931,1.574770150015E12
1932,1.574770150049E12
1933,1.574770150089E12
1936,1.57477015023E12
1941,1.574770150489E12
1942,1.574770150523E12
1944,1.574770150612E12
1944,1.574770150612E12
1945,1.574770150654E12
1947,1.574770150752E12
1947,1.574770150752E12
1948,1.574770150795E12
1949,1.574770150826E12
1950,1.574770150869E12
1951,1.574770150934E12
1953,1.574770151079E12
1955,1.574770151159E12
1956,1.574770151189E12
1958,1.574770151244E12
1958,1.574770151244E12
1958,1.574770151244E12
1958,1.574770151244E12
1959,1.574770151356E12
1961,1.574770151447E12
1962,1.574770151482E12
1963,1.574770151514E12
1964,1.574770151544E12
1964,1.574770151544E12
1966,1.574770151654E12
1967,1.574770151694E12
1967,1.574770151694E12
1968,1.574770151738E12
1969,1.574770151781E12
1970,1.574770151816E12
1971,1.574770151845E12
1973,1.574770151909E12
1973,1.574770151909E12
1974,1.574770151947E12
1976,1.574770152083E12
1976,1.574770152083E12
1977,1.57477015214E12
1978,1.574770152175E12
1979,1.574770152206E12
1981,1.574770152317E12
1982,1.574770152342E12
1982,1.574770152342E12
1983,1.574770152373E12
1984,1.57477015241E12
1986,1.57477015255E12
1987,1.574770152584E12
1987,1.574770152584E12
1988,1.574770152625E12
1989,1.574770152686E12
1990,1.574770152739E12
1991,1.57477015281E12
1992,1.574770152881E12
1993,1.574770152953E12
1994,1.574770153006E12
1995,1.574770153081E12
1996,1.574770153152E12
1997,1.574770153206E12
1998,1.574770153242E12
1999,1.574770153291E12
2000,1.574770153336E12
2001,1.574770153381E12
2002,1.574770153445E12
2003,1.574770153489E12
2004,1.574770153531E12
2005,1.574770153585E12
2006,1.574770153636E12
2007,1.574770153684E12
2008,1.574770153735E12
2009,1.574770153781E12
2010,1.574770153833E12
2011,1.574770153883E12
2012,1.574770153936E12
2013,1.574770153987E12
2014,1.574770154036E12
0,0.0
1,1.574770255198E12
2,1.574770255234E12
3,1.574770255269E12
4,1.574770255303E12
5,1.574770255338E12
6,1.574770255373E12
7,1.574770255408E12
8,1.574770255437E12
9,1.574770255473E12
10,1.574770255513E12
11,1.574770255554E12
12,1.574770255592E12
13,1.574770255634E12
14,1.574770255672E12
15,1.574770255711E12
16,1.574770255746E12
17,1.574770255779E12
18,1.574770255815E12
19,1.574770255846E12
20,1.574770255881E12
21,1.574770255915E12
22,1.574770255949E12
23,1.57477025598E12
24,1.574770256014E12
25,1.574770256047E12
26,1.574770256081E12
27,1.574770256115E12
28,1.574770256148E12
29,1.574770256181E12
30,1.574770256214E12
31,1.574770256246E12
32,1.57477025628E12
33,1.574770256315E12
34,1.574770256356E12
35,1.574770256383E12
36,1.574770256416E12
37,1.574770256452E12
39,1.574770256533E12
39,1.574770256533E12
40,1.574770256564E12
41,1.574770256596E12
43,1.574770256681E12
43,1.574770256681E12
44,1.574770256766E12
45,1.574770256795E12
46,1.574770256824E12
47,1.574770256857E12
48,1.574770256889E12
52,1.574770257084E12
53,1.574770257116E12
53,1.574770257116E12
54,1.574770257154E12
54,1.574770257154E12
55,1.5747702572E12
56,1.574770257256E12
57,1.574770257283E12
58,1.574770257317E12
59,1.574770257356E12
60,1.574770257384E12
61,1.574770257422E12
62,1.574770257452E12
63,1.574770257487E12
64,1.574770257518E12
65,1.574770257554E12
66,1.574770257584E12
67,1.574770257619E12
68,1.57477025765E12
69,1.574770257694E12
70,1.574770257731E12
71,1.57477025776E12
72,1.574770257788E12
73,1.574770257829E12
74,1.574770257862E12
76,1.574770257965E12
76,1.574770257965E12
77,1.574770258064E12
78,1.574770258119E12
79,1.574770258154E12
80,1.574770258193E12
82,1.574770258295E12
83,1.57477025832E12
84,1.574770258353E12
84,1.574770258353E12
85,1.574770258394E12
87,1.574770258534E12
87,1.574770258534E12
88,1.574770258588E12
89,1.574770258619E12
90,1.574770258655E12
92,1.574770258753E12
92,1.574770258753E12
93,1.574770258804E12
94,1.574770258831E12
95,1.574770258862E12
96,1.57477025895E12
98,1.574770259098E12
98,1.574770259098E12
100,1.57477025923E12
101,1.574770259255E12
102,1.574770259293E12
103,1.574770259334E12
103,1.574770259334E12
104,1.574770259384E12
105,1.574770259471E12
106,1.574770259503E12
107,1.574770259542E12
108,1.574770259584E12
109,1.57477025961E12
110,1.574770259642E12
111,1.574770259674E12
112,1.574770259781E12
113,1.574770259856E12
115,1.574770259918E12
115,1.574770259918E12
116,1.574770259954E12
117,1.574770259995E12
120,1.574770260102E12
120,1.574770260102E12
121,1.574770260139E12
122,1.574770260166E12
122,1.574770260166E12
123,1.574770260198E12
124,1.574770260236E12
125,1.574770260268E12
126,1.574770260297E12
127,1.574770260333E12
128,1.57477026037E12
129,1.5747702604E12
130,1.574770260435E12
131,1.574770260471E12
132,1.574770260501E12
133,1.574770260533E12
134,1.574770260566E12
135,1.574770260603E12
136,1.574770260636E12
137,1.57477026067E12
138,1.574770260704E12
139,1.574770260733E12
140,1.57477026077E12
141,1.574770260821E12
142,1.574770260854E12
144,1.574770260904E12
144,1.574770260904E12
145,1.574770260938E12
146,1.574770260977E12
147,1.574770261012E12
148,1.57477026105E12
149,1.574770261071E12
150,1.574770261111E12
152,1.574770261241E12
152,1.574770261241E12
153,1.574770261315E12
154,1.574770261348E12
156,1.57477026144E12
156,1.57477026144E12
157,1.574770261497E12
158,1.57477026153E12
159,1.574770261567E12
160,1.57477026161E12
161,1.574770261644E12
163,1.574770261707E12
163,1.574770261707E12
164,1.574770261758E12
166,1.57477026191E12
167,1.574770261935E12
168,1.574770261963E12
168,1.574770261963E12
169,1.574770262001E12
170,1.574770262039E12
171,1.5747702621E12
172,1.574770262134E12
173,1.574770262169E12
174,1.574770262215E12
175,1.574770262248E12
176,1.574770262282E12
177,1.574770262309E12
178,1.574770262355E12
179,1.574770262388E12
181,1.574770262509E12
181,1.574770262509E12
182,1.574770262565E12
183,1.574770262601E12
184,1.574770262672E12
185,1.574770262703E12
186,1.574770262737E12
187,1.574770262766E12
188,1.574770262807E12
189,1.574770262842E12
190,1.57477026287E12
191,1.574770262912E12
192,1.574770262944E12
193,1.574770262971E12
194,1.57477026302E12
195,1.574770263048E12
197,1.574770263175E12
198,1.574770263211E12
198,1.574770263211E12
199,1.574770263244E12
200,1.574770263272E12
202,1.574770263475E12
203,1.574770263504E12
204,1.574770263532E12
204,1.574770263532E12
205,1.574770263568E12
206,1.574770263637E12
207,1.574770263677E12
208,1.57477026371E12
210,1.57477026377E12
210,1.57477026377E12
211,1.574770263811E12
212,1.574770263871E12
213,1.574770263952E12
215,1.574770264043E12
216,1.574770264073E12
216,1.574770264073E12
217,1.5747702641E12
218,1.574770264137E12
219,1.574770264171E12
222,1.574770264304E12
223,1.574770264345E12
224,1.574770264372E12
225,1.574770264408E12
225,1.574770264408E12
225,1.574770264408E12
226,1.574770264472E12
227,1.57477026454E12
228,1.574770264572E12
229,1.57477026461E12
230,1.574770264637E12
231,1.574770264671E12
232,1.574770264709E12
233,1.574770264733E12
234,1.574770264813E12
235,1.574770264847E12
236,1.574770264916E12
237,1.574770264955E12
238,1.574770265069E12
240,1.574770265155E12
241,1.574770265195E12
242,1.574770265229E12
243,1.574770265263E12
243,1.574770265263E12
245,1.574770265396E12
246,1.574770265433E12
246,1.574770265433E12
247,1.574770265472E12
248,1.574770265508E12
249,1.574770265596E12
250,1.574770265647E12
251,1.574770265679E12
252,1.574770265717E12
253,1.57477026575E12
254,1.574770265793E12
255,1.574770265875E12
256,1.574770265909E12
257,1.574770265947E12
258,1.574770265982E12
259,1.574770266035E12
260,1.574770266076E12
261,1.574770266106E12
262,1.574770266156E12
263,1.574770266189E12
264,1.574770266236E12
266,1.574770266314E12
266,1.574770266314E12
267,1.574770266355E12
268,1.574770266397E12
269,1.574770266433E12
270,1.574770266468E12
271,1.574770266512E12
272,1.57477026656E12
273,1.574770266593E12
274,1.574770266633E12
275,1.574770266676E12
276,1.574770266715E12
277,1.574770266758E12
278,1.574770266793E12
279,1.574770266843E12
280,1.574770266883E12
281,1.574770266909E12
282,1.57477026695E12
283,1.574770266989E12
285,1.574770267073E12
287,1.57477026716E12
288,1.574770267198E12
288,1.574770267198E12
289,1.574770267234E12
289,1.574770267234E12
290,1.574770267274E12
291,1.574770267362E12
292,1.574770267399E12
293,1.57477026744E12
294,1.574770267479E12
295,1.574770267514E12
297,1.574770267596E12
298,1.574770267621E12
298,1.574770267621E12
299,1.574770267666E12
300,1.57477026769E12
301,1.574770267718E12
302,1.574770267756E12
303,1.57477026779E12
304,1.574770267814E12
305,1.574770267892E12
307,1.574770268025E12
308,1.574770268092E12
309,1.574770268124E12
309,1.574770268124E12
310,1.574770268213E12
312,1.574770268361E12
313,1.574770268389E12
314,1.574770268411E12
315,1.574770268452E12
316,1.574770268476E12
316,1.574770268476E12
317,1.574770268591E12
318,1.574770268627E12
319,1.574770268654E12
320,1.574770268683E12
321,1.574770268713E12
322,1.574770268782E12
324,1.574770268879E12
325,1.574770268912E12
325,1.574770268912E12
326,1.574770268947E12
327,1.574770268979E12
328,1.574770269011E12
329,1.574770269055E12
330,1.574770269086E12
331,1.574770269125E12
332,1.574770269153E12
333,1.574770269187E12
334,1.574770269253E12
335,1.574770269344E12
337,1.574770269413E12
337,1.574770269413E12
338,1.574770269444E12
339,1.574770269478E12
340,1.574770269514E12
341,1.574770269552E12
342,1.57477026958E12
343,1.574770269615E12
345,1.574770269689E12
345,1.574770269689E12
347,1.574770269788E12
348,1.57477026981E12
348,1.57477026981E12
349,1.574770269887E12
351,1.57477027002E12
351,1.57477027002E12
352,1.574770270077E12
353,1.574770270113E12
355,1.574770270256E12
356,1.574770270287E12
357,1.574770270315E12
358,1.574770270347E12
359,1.574770270383E12
359,1.574770270383E12
361,1.574770270531E12
363,1.57477027058E12
364,1.57477027061E12
364,1.57477027061E12
364,1.57477027061E12
365,1.574770270679E12
367,1.574770270783E12
368,1.57477027082E12
368,1.57477027082E12
370,1.574770270888E12
370,1.574770270888E12
371,1.574770270918E12
372,1.574770270952E12
373,1.57477027098E12
374,1.574770271021E12
376,1.574770271119E12
376,1.574770271119E12
377,1.574770271155E12
378,1.574770271192E12
379,1.574770271219E12
380,1.574770271252E12
382,1.574770271312E12
382,1.574770271312E12
384,1.574770271413E12
385,1.574770271452E12
386,1.574770271478E12
387,1.57477027151E12
388,1.574770271545E12
389,1.574770271578E12
389,1.574770271578E12
391,1.574770271691E12
392,1.574770271717E12
393,1.574770271745E12
394,1.574770271775E12
395,1.574770271812E12
395,1.574770271812E12
396,1.574770271846E12
397,1.574770271877E12
398,1.574770271911E12
399,1.574770271945E12
401,1.57477027202E12
402,1.574770272052E12
403,1.574770272079E12
404,1.574770272109E12
404,1.574770272109E12
405,1.574770272184E12
407,1.574770272285E12
408,1.574770272323E12
409,1.574770272346E12
410,1.574770272375E12
411,1.574770272409E12
411,1.574770272409E12
412,1.574770272447E12
415,1.574770272579E12
416,1.574770272614E12
417,1.574770272643E12
419,1.574770272749E12
422,1.574770272863E12
424,1.57477027294E12
429,1.574770273108E12
429,1.574770273108E12
435,1.574770273357E12
444,1.574770273678E12
444,1.574770273678E12
446,1.574770273857E12
447,1.574770273882E12
447,1.574770273882E12
449,1.574770273954E12
449,1.574770273954E12
450,1.574770274068E12
452,1.574770274187E12
453,1.574770274213E12
454,1.574770274249E12
455,1.574770274275E12
456,1.574770274307E12
456,1.574770274307E12
458,1.574770274414E12
459,1.574770274442E12
460,1.574770274475E12
460,1.574770274475E12
461,1.574770274512E12
462,1.574770274589E12
463,1.574770274621E12
464,1.574770274653E12
465,1.574770274683E12
466,1.574770274713E12
467,1.574770274746E12
468,1.574770274784E12
