0,1.574944045665E12
1,1.574944046029E12
2,1.57494404606E12
3,1.574944046096E12
4,1.57494404613E12
5,1.574944046164E12
6,1.574944046214E12
7,1.574944046241E12
8,1.574944046278E12
9,1.574944046312E12
10,1.574944046345E12
11,1.574944046376E12
12,1.57494404641E12
13,1.574944046447E12
14,1.574944046482E12
15,1.574944046512E12
16,1.574944046547E12
17,1.57494404658E12
18,1.574944046612E12
19,1.574944046648E12
20,1.574944046679E12
21,1.574944046712E12
22,1.574944046749E12
23,1.574944046779E12
24,1.574944046813E12
25,1.574944046849E12
26,1.574944046883E12
27,1.574944046913E12
28,1.574944046948E12
29,1.574944046986E12
30,1.574944047025E12
31,1.574944047057E12
32,1.574944047101E12
33,1.574944047129E12
34,1.574944047167E12
35,1.574944047203E12
36,1.574944047236E12
37,1.574944047268E12
38,1.574944047303E12
39,1.574944047333E12
40,1.574944047418E12
41,1.574944047441E12
42,1.574944047462E12
43,1.574944047497E12
44,1.574944047541E12
45,1.57494404757E12
46,1.5749440476E12
47,1.574944047634E12
48,1.574944047671E12
49,1.574944047707E12
50,1.574944047732E12
51,1.574944047766E12
52,1.5749440478E12
53,1.574944047838E12
54,1.574944047873E12
55,1.574944047901E12
56,1.574944047931E12
57,1.574944047999E12
58,1.574944048034E12
59,1.574944048069E12
60,1.574944048103E12
61,1.574944048138E12
62,1.574944048173E12
63,1.574944048205E12
64,1.574944048249E12
65,1.574944048271E12
66,1.574944048347E12
68,1.574944048396E12
68,1.574944048414E12
69,1.574944048437E12
70,1.574944048475E12
71,1.574944048514E12
72,1.574944048544E12
73,1.574944048573E12
74,1.574944048612E12
75,1.574944048644E12
76,1.574944048673E12
77,1.574944048719E12
78,1.574944048748E12
79,1.574944048773E12
80,1.574944048857E12
81,1.574944048888E12
82,1.574944048925E12
83,1.574944048954E12
84,1.574944048982E12
85,1.574944049017E12
86,1.57494404905E12
87,1.574944049082E12
88,1.574944049112E12
89,1.574944049151E12
90,1.574944049186E12
91,1.574944049209E12
92,1.574944049245E12
93,1.574944049279E12
94,1.574944049316E12
95,1.574944049345E12
96,1.574944049388E12
97,1.574944049405E12
98,1.574944049452E12
99,1.574944049486E12
100,1.574944049522E12
101,1.574944049564E12
102,1.574944049587E12
103,1.57494404962E12
104,1.574944049656E12
105,1.574944049696E12
106,1.574944049739E12
108,1.574944049767E12
108,1.574944049787E12
109,1.57494404982E12
110,1.574944049854E12
111,1.574944049904E12
113,1.574944049932E12
113,1.574944049954E12
114,1.574944049993E12
115,1.574944050034E12
116,1.57494405007E12
117,1.5749440501E12
118,1.574944050126E12
119,1.574944050161E12
120,1.574944050192E12
121,1.574944050224E12
122,1.574944050265E12
123,1.574944050289E12
124,1.574944050325E12
125,1.574944050354E12
126,1.574944050399E12
127,1.574944050429E12
129,1.574944050508E12
129,1.574944050528E12
130,1.574944050553E12
131,1.574944050598E12
132,1.574944050625E12
133,1.574944050658E12
134,1.574944050699E12
135,1.574944050736E12
136,1.574944050807E12
137,1.574944050835E12
139,1.574944050874E12
139,1.574944050898E12
140,1.574944050932E12
142,1.574944050973E12
142,1.574944050993E12
143,1.574944051031E12
144,1.574944051065E12
145,1.574944051094E12
146,1.574944051132E12
147,1.57494405117E12
148,1.574944051198E12
149,1.574944051231E12
150,1.574944051267E12
151,1.574944051301E12
152,1.574944051338E12
153,1.574944051372E12
154,1.574944051406E12
155,1.574944051439E12
156,1.574944051463E12
157,1.574944051504E12
158,1.574944051531E12
159,1.574944051571E12
160,1.574944051603E12
161,1.574944051636E12
162,1.574944051673E12
163,1.574944051704E12
164,1.574944051738E12
165,1.574944051784E12
166,1.574944051814E12
167,1.574944051843E12
168,1.574944051872E12
169,1.574944051904E12
170,1.574944051942E12
171,1.574944051974E12
173,1.574944052015E12
173,1.574944052037E12
174,1.574944052109E12
175,1.574944052145E12
176,1.574944052179E12
177,1.574944052208E12
178,1.574944052247E12
179,1.574944052279E12
181,1.574944052333E12
181,1.574944052351E12
182,1.574944052374E12
183,1.574944052419E12
184,1.574944052452E12
186,1.574944052487E12
186,1.574944052509E12
187,1.574944052541E12
188,1.574944052578E12
189,1.574944052627E12
191,1.574944052657E12
191,1.574944052679E12
192,1.574944052717E12
193,1.574944052754E12
194,1.574944052791E12
195,1.574944052817E12
196,1.574944052851E12
197,1.574944052886E12
198,1.574944052914E12
199,1.574944052946E12
200,1.574944052981E12
201,1.574944053015E12
202,1.574944053054E12
203,1.574944053093E12
204,1.57494405312E12
205,1.574944053146E12
206,1.57494405318E12
207,1.57494405322E12
208,1.574944053255E12
209,1.574944053283E12
210,1.57494405331E12
211,1.574944053349E12
212,1.574944053383E12
213,1.574944053424E12
214,1.574944053453E12
215,1.574944053486E12
216,1.574944053512E12
217,1.574944053558E12
218,1.57494405359E12
219,1.574944053616E12
220,1.574944053655E12
221,1.574944053688E12
222,1.574944053718E12
223,1.574944053757E12
224,1.574944053796E12
225,1.574944053822E12
226,1.574944053858E12
227,1.574944053884E12
228,1.574944053917E12
229,1.574944053961E12
230,1.574944053992E12
231,1.574944054023E12
232,1.574944054051E12
233,1.574944054086E12
234,1.574944054127E12
235,1.574944054154E12
236,1.574944054194E12
237,1.574944054226E12
238,1.574944054254E12
239,1.574944054292E12
240,1.574944054324E12
241,1.574944054356E12
242,1.57494405439E12
243,1.57494405443E12
244,1.574944054463E12
245,1.574944054494E12
246,1.57494405453E12
247,1.574944054559E12
248,1.574944054587E12
249,1.574944054621E12
250,1.574944054663E12
251,1.574944054696E12
252,1.574944054736E12
253,1.574944054765E12
254,1.574944054807E12
255,1.57494405483E12
256,1.574944054864E12
257,1.574944054897E12
258,1.574944054937E12
260,1.574944054977E12
260,1.574944055002E12
261,1.574944055029E12
262,1.574944055062E12
263,1.574944055095E12
264,1.57494405513E12
265,1.574944055176E12
266,1.574944055201E12
267,1.574944055233E12
268,1.57494405527E12
269,1.574944055306E12
270,1.57494405533E12
271,1.574944055364E12
272,1.574944055397E12
273,1.574944055436E12
274,1.574944055466E12
275,1.574944055499E12
276,1.574944055536E12
277,1.574944055572E12
278,1.574944055605E12
279,1.574944055647E12
280,1.57494405567E12
281,1.574944055692E12
282,1.574944055779E12
283,1.574944055811E12
284,1.574944055835E12
285,1.574944055871E12
286,1.574944055902E12
287,1.574944055942E12
288,1.574944055969E12
289,1.574944056004E12
290,1.57494405603E12
291,1.574944056105E12
292,1.574944056124E12
293,1.574944056158E12
294,1.574944056193E12
295,1.57494405623E12
296,1.574944056261E12
297,1.574944056298E12
298,1.574944056329E12
299,1.574944056371E12
300,1.574944056398E12
301,1.574944056434E12
302,1.574944056462E12
303,1.574944056497E12
304,1.574944056536E12
305,1.574944056562E12
306,1.574944056598E12
307,1.574944056643E12
308,1.574944056661E12
309,1.574944056697E12
310,1.574944056732E12
311,1.574944056769E12
312,1.574944056808E12
313,1.574944056833E12
314,1.574944056869E12
315,1.574944056945E12
316,1.574944056966E12
317,1.574944056999E12
318,1.574944057036E12
319,1.574944057073E12
320,1.574944057111E12
321,1.574944057136E12
