0,1.574940800797E12
1,1.574940801164E12
2,1.574940801194E12
3,1.574940801231E12
4,1.574940801265E12
5,1.574940801299E12
6,1.574940801351E12
7,1.574940801376E12
8,1.574940801412E12
9,1.574940801443E12
10,1.574940801481E12
11,1.574940801514E12
12,1.57494080155E12
13,1.574940801579E12
14,1.574940801616E12
15,1.574940801646E12
16,1.574940801679E12
17,1.574940801713E12
18,1.574940801746E12
19,1.57494080178E12
20,1.574940801814E12
21,1.574940801847E12
22,1.574940801881E12
23,1.57494080192E12
24,1.574940801948E12
25,1.574940801981E12
26,1.574940802015E12
27,1.574940802061E12
28,1.574940802093E12
29,1.57494080213E12
30,1.574940802167E12
31,1.5749408022E12
32,1.574940802232E12
33,1.574940802262E12
34,1.574940802298E12
35,1.57494080234E12
36,1.574940802369E12
37,1.574940802406E12
38,1.574940802436E12
39,1.57494080247E12
40,1.574940802512E12
42,1.574940802555E12
42,1.574940802572E12
43,1.574940802597E12
44,1.574940802638E12
45,1.574940802675E12
46,1.574940802705E12
47,1.574940802738E12
48,1.57494080277E12
49,1.574940802837E12
50,1.574940802866E12
51,1.574940802903E12
52,1.574940802941E12
53,1.574940802973E12
54,1.574940802999E12
55,1.574940803032E12
56,1.574940803098E12
57,1.574940803133E12
58,1.574940803174E12
59,1.574940803205E12
60,1.574940803242E12
61,1.574940803313E12
62,1.57494080335E12
63,1.57494080338E12
64,1.574940803412E12
65,1.574940803444E12
66,1.574940803479E12
67,1.57494080351E12
68,1.574940803536E12
69,1.574940803574E12
70,1.574940803608E12
71,1.574940803644E12
72,1.574940803685E12
73,1.57494080371E12
74,1.574940803737E12
75,1.574940803773E12
76,1.574940803814E12
77,1.574940803847E12
78,1.574940803873E12
79,1.574940803902E12
80,1.574940803943E12
81,1.574940803979E12
82,1.574940804015E12
83,1.574940804052E12
84,1.574940804082E12
85,1.574940804116E12
86,1.574940804148E12
87,1.574940804183E12
88,1.574940804255E12
89,1.574940804283E12
90,1.574940804316E12
91,1.574940804352E12
92,1.57494080439E12
93,1.574940804418E12
94,1.574940804451E12
95,1.57494080448E12
96,1.574940804515E12
97,1.57494080456E12
98,1.574940804591E12
99,1.574940804617E12
100,1.574940804655E12
101,1.574940804686E12
102,1.574940804727E12
103,1.574940804754E12
104,1.574940804786E12
105,1.574940804818E12
106,1.574940804858E12
107,1.574940804889E12
108,1.57494080492E12
109,1.574940804954E12
110,1.574940804994E12
111,1.574940805026E12
112,1.574940805057E12
113,1.574940805085E12
114,1.574940805128E12
115,1.574940805157E12
116,1.574940805202E12
117,1.57494080524E12
118,1.574940805263E12
119,1.574940805292E12
120,1.574940805323E12
121,1.574940805357E12
122,1.574940805394E12
123,1.574940805425E12
124,1.574940805462E12
125,1.574940805497E12
126,1.574940805531E12
128,1.574940805571E12
128,1.574940805587E12
129,1.574940805617E12
130,1.574940805656E12
131,1.57494080569E12
132,1.574940805723E12
133,1.574940805766E12
134,1.574940805794E12
135,1.57494080587E12
136,1.574940805893E12
137,1.57494080592E12
138,1.574940805955E12
139,1.574940805988E12
140,1.574940806019E12
141,1.574940806058E12
142,1.574940806092E12
143,1.57494080612E12
144,1.574940806157E12
145,1.574940806192E12
146,1.574940806219E12
147,1.574940806254E12
148,1.574940806289E12
149,1.574940806321E12
150,1.57494080636E12
151,1.574940806399E12
152,1.574940806427E12
153,1.57494080646E12
154,1.574940806494E12
155,1.574940806529E12
156,1.574940806557E12
157,1.574940806598E12
0,1.574940907477E12
1,1.57494090787E12
2,1.5749409079E12
3,1.574940907936E12
4,1.57494090797E12
5,1.574940908003E12
6,1.574940908055E12
7,1.574940908081E12
8,1.574940908114E12
9,1.57494090815E12
10,1.574940908184E12
11,1.574940908215E12
12,1.574940908248E12
13,1.574940908286E12
14,1.574940908316E12
15,1.574940908354E12
16,1.574940908386E12
17,1.57494090842E12
18,1.574940908453E12
19,1.574940908486E12
20,1.57494090852E12
21,1.574940908553E12
22,1.574940908584E12
23,1.574940908618E12
24,1.574940908659E12
25,1.574940908691E12
26,1.574940908737E12
27,1.57494090877E12
28,1.574940908804E12
29,1.574940908827E12
30,1.574940908856E12
31,1.574940908895E12
32,1.574940908925E12
33,1.574940908961E12
34,1.574940909022E12
35,1.574940909049E12
36,1.574940909074E12
37,1.574940909104E12
38,1.574940909142E12
39,1.57494090918E12
40,1.574940909211E12
41,1.574940909238E12
42,1.574940909273E12
43,1.574940909301E12
44,1.574940909343E12
45,1.574940909377E12
46,1.574940909411E12
47,1.574940909444E12
48,1.574940909477E12
49,1.574940909511E12
50,1.574940909545E12
51,1.574940909574E12
52,1.57494090961E12
53,1.574940909644E12
54,1.574940909678E12
55,1.574940909711E12
56,1.574940909735E12
57,1.574940909774E12
58,1.574940909807E12
59,1.574940909836E12
60,1.574940909874E12
61,1.574940909907E12
62,1.574940909948E12
63,1.574940909984E12
64,1.574940910021E12
65,1.574940910049E12
66,1.574940910085E12
67,1.574940910122E12
68,1.574940910153E12
69,1.574940910186E12
70,1.574940910214E12
71,1.574940910249E12
72,1.574940910281E12
73,1.574940910309E12
74,1.57494091035E12
75,1.574940910374E12
76,1.574940910411E12
77,1.574940910448E12
78,1.574940910482E12
79,1.574940910519E12
80,1.574940910559E12
81,1.57494091059E12
82,1.574940910618E12
83,1.574940910654E12
84,1.574940910686E12
85,1.574940910719E12
86,1.574940910759E12
87,1.574940910787E12
88,1.57494091082E12
89,1.574940910849E12
90,1.574940910885E12
91,1.574940910918E12
92,1.574940910962E12
93,1.574940910985E12
94,1.57494091102E12
95,1.574940911054E12
96,1.574940911092E12
97,1.574940911121E12
98,1.574940911155E12
99,1.574940911192E12
101,1.574940911274E12
101,1.574940911292E12
102,1.574940911324E12
103,1.574940911362E12
104,1.574940911438E12
105,1.574940911459E12
106,1.574940911492E12
107,1.574940911523E12
108,1.574940911574E12
109,1.574940911603E12
110,1.57494091163E12
111,1.574940911656E12
112,1.574940911696E12
113,1.574940911734E12
114,1.574940911767E12
115,1.574940911795E12
116,1.574940911827E12
117,1.57494091187E12
118,1.57494091189E12
119,1.574940911926E12
120,1.574940911959E12
121,1.574940912E12
122,1.574940912041E12
123,1.574940912067E12
124,1.5749409121E12
125,1.574940912138E12
126,1.574940912174E12
127,1.5749409122E12
128,1.574940912227E12
129,1.574940912272E12
130,1.574940912305E12
131,1.574940912336E12
132,1.57494091237E12
133,1.574940912401E12
134,1.574940912433E12
135,1.574940912468E12
136,1.574940912504E12
137,1.574940912533E12
138,1.574940912573E12
139,1.574940912609E12
140,1.574940912638E12
141,1.574940912675E12
142,1.574940912697E12
143,1.574940912738E12
144,1.574940912779E12
146,1.574940912815E12
146,1.574940912836E12
147,1.574940912872E12
148,1.574940912907E12
149,1.574940912935E12
150,1.574940912966E12
151,1.574940913007E12
152,1.574940913037E12
153,1.574940913076E12
154,1.574940913103E12
155,1.57494091314E12
156,1.574940913185E12
157,1.574940913211E12
159,1.57494091329E12
159,1.574940913319E12
160,1.574940913343E12
161,1.574940913372E12
162,1.574940913403E12
163,1.574940913439E12
164,1.57494091347E12
165,1.574940913507E12
166,1.574940913539E12
167,1.574940913619E12
168,1.57494091365E12
169,1.574940913725E12
170,1.574940913757E12
171,1.574940913788E12
172,1.574940913817E12
173,1.574940913853E12
174,1.574940913882E12
175,1.574940913919E12
176,1.574940913947E12
177,1.574940913979E12
178,1.574940914018E12
179,1.57494091405E12
180,1.574940914082E12
181,1.574940914116E12
182,1.574940914144E12
183,1.574940914182E12
184,1.57494091421E12
185,1.57494091425E12
186,1.574940914323E12
187,1.574940914355E12
188,1.574940914384E12
189,1.574940914416E12
190,1.574940914448E12
191,1.574940914483E12
192,1.574940914513E12
193,1.574940914552E12
194,1.574940914589E12
195,1.57494091462E12
196,1.574940914649E12
197,1.574940914685E12
198,1.574940914721E12
199,1.574940914757E12
201,1.574940914793E12
201,1.574940914817E12
202,1.574940914856E12
203,1.574940914924E12
204,1.574940914964E12
205,1.574940914997E12
206,1.574940915032E12
207,1.574940915052E12
208,1.574940915088E12
209,1.57494091512E12
210,1.574940915157E12
211,1.574940915194E12
212,1.574940915223E12
213,1.574940915257E12
214,1.574940915282E12
215,1.574940915317E12
216,1.574940915356E12
217,1.574940915388E12
218,1.574940915421E12
219,1.574940915456E12
220,1.574940915486E12
221,1.574940915524E12
222,1.574940915565E12
223,1.574940915596E12
224,1.574940915629E12
225,1.57494091566E12
226,1.574940915696E12
227,1.574940915724E12
228,1.574940915768E12
229,1.574940915793E12
230,1.57494091583E12
231,1.574940915851E12
232,1.574940915894E12
233,1.574940915929E12
234,1.574940915958E12
235,1.574940915999E12
236,1.574940916029E12
237,1.574940916067E12
238,1.574940916122E12
239,1.57494091617E12
240,1.574940916193E12
241,1.574940916222E12
243,1.574940916276E12
243,1.574940916292E12
244,1.574940916313E12
245,1.57494091635E12
246,1.574940916387E12
247,1.574940916421E12
248,1.574940916458E12
249,1.574940916485E12
250,1.574940916521E12
251,1.574940916557E12
252,1.574940916594E12
253,1.574940916633E12
254,1.574940916654E12
255,1.57494091669E12
256,1.574940916723E12
257,1.574940916756E12
258,1.574940916792E12
259,1.574940916827E12
260,1.574940916858E12
261,1.574940916891E12
262,1.574940916922E12
263,1.574940916959E12
264,1.57494091699E12
265,1.574940917022E12
266,1.574940917061E12
267,1.574940917099E12
268,1.574940917127E12
269,1.57494091716E12
270,1.574940917194E12
271,1.574940917229E12
272,1.574940917261E12
273,1.574940917302E12
274,1.574940917328E12
0,1.574940924658E12
1,1.574940925035E12
2,1.574940925067E12
3,1.574940925103E12
4,1.574940925136E12
5,1.57494092517E12
6,1.574940925221E12
7,1.574940925249E12
8,1.574940925284E12
9,1.574940925315E12
10,1.574940925357E12
11,1.574940925383E12
12,1.574940925417E12
13,1.57494092545E12
14,1.574940925485E12
15,1.57494092552E12
16,1.57494092555E12
17,1.574940925584E12
18,1.574940925618E12
19,1.574940925655E12
20,1.57494092569E12
21,1.574940925719E12
22,1.574940925752E12
23,1.574940925785E12
24,1.57494092582E12
25,1.574940925853E12
26,1.574940925893E12
27,1.574940925928E12
28,1.574940925969E12
29,1.574940926003E12
30,1.574940926038E12
31,1.574940926067E12
32,1.574940926097E12
33,1.574940926136E12
34,1.574940926179E12
35,1.574940926208E12
36,1.574940926238E12
37,1.574940926266E12
38,1.574940926306E12
39,1.57494092634E12
40,1.574940926378E12
41,1.574940926406E12
42,1.574940926444E12
43,1.57494092648E12
44,1.574940926513E12
45,1.574940926542E12
46,1.574940926577E12
47,1.57494092661E12
48,1.574940926642E12
49,1.574940926685E12
50,1.574940926725E12
51,1.57494092679E12
52,1.574940926814E12
53,1.574940926848E12
54,1.57494092687E12
55,1.574940926902E12
56,1.574940926945E12
57,1.574940926967E12
58,1.574940927011E12
59,1.57494092708E12
60,1.574940927111E12
61,1.574940927142E12
62,1.57494092718E12
63,1.574940927249E12
64,1.574940927278E12
65,1.574940927315E12
66,1.57494092735E12
67,1.574940927373E12
68,1.574940927408E12
69,1.574940927433E12
70,1.574940927467E12
71,1.574940927536E12
72,1.57494092757E12
73,1.574940927609E12
74,1.57494092764E12
75,1.574940927685E12
76,1.57494092771E12
77,1.574940927738E12
78,1.574940927774E12
79,1.574940927809E12
80,1.57494092784E12
81,1.574940927878E12
82,1.574940927912E12
83,1.574940927943E12
84,1.574940927978E12
85,1.574940928013E12
86,1.574940928044E12
87,1.574940928076E12
88,1.574940928111E12
89,1.574940928142E12
90,1.57494092818E12
91,1.574940928213E12
92,1.574940928245E12
93,1.574940928277E12
94,1.57494092831E12
95,1.574940928348E12
96,1.574940928383E12
97,1.574940928414E12
98,1.574940928447E12
99,1.574940928481E12
100,1.574940928516E12
101,1.574940928551E12
102,1.574940928585E12
103,1.574940928618E12
104,1.574940928652E12
105,1.574940928684E12
106,1.574940928725E12
107,1.574940928756E12
108,1.574940928783E12
109,1.574940928817E12
110,1.574940928853E12
111,1.574940928884E12
112,1.57494092892E12
113,1.574940928954E12
115,1.574940929006E12
115,1.574940929024E12
116,1.574940929054E12
117,1.574940929088E12
118,1.574940929121E12
119,1.574940929154E12
120,1.574940929194E12
121,1.57494092922E12
122,1.574940929298E12
123,1.574940929324E12
124,1.574940929357E12
125,1.574940929394E12
126,1.574940929421E12
127,1.574940929458E12
128,1.57494092949E12
129,1.574940929519E12
130,1.574940929601E12
131,1.574940929631E12
132,1.574940929659E12
0,1.574940969181E12
1,1.574940969546E12
2,1.574940969576E12
3,1.574940969617E12
4,1.574940969647E12
5,1.574940969682E12
6,1.574940969732E12
7,1.574940969759E12
8,1.574940969796E12
9,1.574940969828E12
10,1.57494096986E12
11,1.574940969895E12
12,1.574940969929E12
13,1.574940969959E12
14,1.574940969997E12
15,1.574940970031E12
16,1.574940970063E12
17,1.574940970097E12
18,1.574940970132E12
19,1.574940970162E12
20,1.574940970204E12
21,1.574940970233E12
22,1.574940970295E12
23,1.574940970329E12
24,1.574940970369E12
25,1.574940970407E12
26,1.574940970441E12
27,1.574940970491E12
28,1.574940970508E12
29,1.574940970537E12
30,1.574940970578E12
31,1.574940970611E12
32,1.574940970645E12
33,1.574940970686E12
35,1.57494097076E12
35,1.57494097078E12
36,1.574940970818E12
37,1.57494097085E12
39,1.574940970901E12
39,1.574940970918E12
40,1.574940970943E12
41,1.574940970984E12
42,1.574940971017E12
43,1.574940971054E12
44,1.574940971087E12
45,1.57494097112E12
46,1.574940971152E12
47,1.574940971187E12
48,1.574940971224E12
49,1.574940971256E12
50,1.574940971282E12
51,1.574940971325E12
52,1.574940971356E12
53,1.574940971384E12
54,1.574940971415E12
55,1.574940971449E12
56,1.57494097149E12
57,1.574940971519E12
58,1.574940971559E12
59,1.574940971589E12
60,1.574940971621E12
61,1.574940971657E12
62,1.574940971692E12
63,1.574940971727E12
64,1.574940971759E12
65,1.574940971791E12
66,1.574940971819E12
67,1.574940971862E12
68,1.57494097189E12
69,1.574940971916E12
70,1.574940971959E12
71,1.574940971983E12
72,1.57494097203E12
73,1.574940972057E12
74,1.574940972091E12
75,1.574940972123E12
76,1.57494097216E12
77,1.574940972193E12
78,1.574940972269E12
79,1.574940972304E12
80,1.574940972327E12
81,1.5749409724E12
82,1.574940972432E12
83,1.574940972468E12
84,1.574940972492E12
85,1.574940972524E12
86,1.574940972573E12
87,1.574940972592E12
88,1.574940972632E12
89,1.574940972671E12
90,1.574940972695E12
91,1.57494097273E12
92,1.574940972757E12
93,1.574940972794E12
94,1.574940972824E12
95,1.574940972862E12
96,1.574940972899E12
97,1.574940972936E12
98,1.574940972965E12
99,1.574940973003E12
100,1.574940973035E12
101,1.574940973067E12
102,1.574940973106E12
103,1.574940973138E12
104,1.574940973165E12
105,1.574940973201E12
106,1.574940973239E12
107,1.574940973269E12
108,1.574940973299E12
109,1.574940973328E12
110,1.574940973367E12
111,1.574940973397E12
112,1.574940973437E12
113,1.574940973473E12
114,1.574940973499E12
115,1.574940973538E12
116,1.574940973575E12
117,1.5749409736E12
118,1.574940973634E12
119,1.574940973676E12
120,1.574940973706E12
121,1.574940973823E12
123,1.574940973858E12
123,1.574940973881E12
124,1.574940973914E12
125,1.574940973938E12
126,1.574940973971E12
127,1.574940974009E12
128,1.57494097404E12
129,1.574940974088E12
131,1.574940974127E12
131,1.57494097415E12
132,1.574940974183E12
133,1.57494097422E12
134,1.574940974257E12
135,1.574940974284E12
136,1.57494097431E12
137,1.574940974349E12
138,1.574940974424E12
139,1.574940974456E12
140,1.574940974485E12
141,1.574940974516E12
142,1.574940974541E12
143,1.574940974587E12
144,1.57494097461E12
145,1.574940974649E12
146,1.574940974681E12
147,1.57494097471E12
148,1.574940974747E12
149,1.574940974777E12
150,1.574940974819E12
151,1.574940974854E12
152,1.574940974902E12
154,1.574940974932E12
154,1.57494097495E12
155,1.574940974978E12
156,1.574940975058E12
157,1.574940975093E12
158,1.574940975121E12
159,1.57494097516E12
160,1.574940975238E12
161,1.574940975268E12
163,1.5749409753E12
163,1.57494097532E12
164,1.574940975355E12
165,1.574940975393E12
166,1.574940975426E12
167,1.574940975454E12
168,1.574940975483E12
169,1.574940975528E12
171,1.574940975614E12
172,1.57494097564E12
172,1.574940975664E12
173,1.574940975686E12
174,1.574940975719E12
175,1.574940975765E12
176,1.574940975797E12
177,1.574940975827E12
178,1.574940975866E12
179,1.574940975901E12
180,1.574940975938E12
181,1.574940975969E12
182,1.574940976002E12
183,1.574940976036E12
184,1.574940976073E12
185,1.574940976098E12
186,1.574940976133E12
187,1.574940976161E12
188,1.5749409762E12
189,1.574940976239E12
190,1.57494097627E12
191,1.574940976293E12
192,1.57494097632E12
193,1.574940976363E12
194,1.574940976385E12
195,1.57494097644E12
196,1.574940976471E12
197,1.574940976505E12
198,1.574940976535E12
199,1.574940976557E12
200,1.574940976604E12
201,1.574940976635E12
202,1.574940976662E12
203,1.574940976698E12
204,1.574940976735E12
205,1.574940976766E12
206,1.574940976798E12
207,1.574940976833E12
208,1.57494097687E12
209,1.574940976897E12
210,1.574940976941E12
211,1.574940976977E12
212,1.574940977006E12
213,1.574940977038E12
214,1.574940977075E12
215,1.574940977108E12
216,1.574940977137E12
217,1.574940977171E12
218,1.574940977202E12
219,1.574940977245E12
220,1.574940977282E12
221,1.574940977311E12
222,1.57494097734E12
223,1.574940977377E12
224,1.574940977407E12
225,1.574940977439E12
226,1.574940977465E12
227,1.574940977509E12
228,1.574940977544E12
229,1.574940977581E12
230,1.574940977615E12
231,1.574940977633E12
232,1.574940977673E12
233,1.574940977746E12
234,1.574940977782E12
235,1.574940977816E12
236,1.574940977848E12
237,1.57494097788E12
238,1.574940977912E12
239,1.574940977944E12
240,1.574940977981E12
241,1.574940978015E12
242,1.574940978044E12
243,1.574940978079E12
244,1.574940978116E12
245,1.574940978143E12
246,1.574940978184E12
247,1.574940978227E12
248,1.574940978259E12
249,1.57494097829E12
250,1.574940978318E12
251,1.574940978342E12
252,1.574940978379E12
253,1.574940978412E12
254,1.574940978451E12
256,1.574940978502E12
257,1.574940978523E12
257,1.574940978542E12
258,1.574940978573E12
259,1.574940978616E12
260,1.574940978649E12
261,1.574940978683E12
262,1.57494097872E12
263,1.574940978763E12
264,1.574940978845E12
266,1.57494097888E12
267,1.574940978901E12
267,1.574940978919E12
268,1.57494097895E12
269,1.574940978979E12
270,1.57494097902E12
271,1.574940979057E12
272,1.574940979085E12
273,1.574940979118E12
274,1.574940979155E12
275,1.574940979188E12
276,1.574940979216E12
277,1.574940979252E12
278,1.574940979286E12
279,1.574940979319E12
280,1.574940979359E12
281,1.574940979388E12
282,1.574940979425E12
284,1.574940979466E12
284,1.574940979489E12
285,1.574940979516E12
286,1.574940979559E12
287,1.574940979592E12
288,1.574940979623E12
289,1.574940979656E12
290,1.574940979698E12
291,1.574940979736E12
292,1.574940979759E12
293,1.574940979793E12
294,1.574940979832E12
295,1.574940979863E12
296,1.574940979892E12
297,1.574940979932E12
298,1.574940979972E12
299,1.574940979992E12
300,1.574940980019E12
301,1.574940980061E12
302,1.574940980102E12
303,1.574940980136E12
304,1.574940980162E12
305,1.574940980198E12
306,1.574940980224E12
307,1.574940980268E12
309,1.574940980311E12
309,1.574940980331E12
310,1.57494098036E12
311,1.574940980396E12
312,1.574940980431E12
313,1.574940980461E12
314,1.574940980507E12
316,1.574940980554E12
317,1.574940980574E12
317,1.574940980593E12
318,1.574940980629E12
319,1.574940980657E12
320,1.574940980703E12
321,1.574940980743E12
322,1.574940980774E12
323,1.574940980839E12
324,1.574940980871E12
325,1.574940980898E12
326,1.574940980934E12
327,1.574940980972E12
328,1.574940980996E12
329,1.574940981032E12
330,1.574940981062E12
331,1.574940981101E12
332,1.574940981139E12
333,1.574940981174E12
334,1.574940981202E12
335,1.574940981237E12
336,1.574940981275E12
337,1.574940981308E12
338,1.574940981334E12
339,1.574940981372E12
340,1.57494098141E12
341,1.574940981435E12
342,1.574940981473E12
343,1.5749409815E12
344,1.57494098154E12
345,1.574940981576E12
346,1.574940981605E12
347,1.574940981645E12
348,1.57494098167E12
349,1.5749409817E12
350,1.57494098174E12
351,1.574940981768E12
352,1.57494098181E12
353,1.574940981839E12
354,1.574940981882E12
355,1.574940981917E12
356,1.574940981939E12
358,1.574940981987E12
358,1.574940982008E12
359,1.574940982035E12
360,1.574940982067E12
361,1.574940982116E12
362,1.574940982144E12
364,1.574940982183E12
364,1.574940982206E12
365,1.57494098224E12
366,1.574940982275E12
367,1.574940982304E12
368,1.574940982341E12
369,1.574940982386E12
370,1.574940982452E12
371,1.57494098248E12
372,1.574940982505E12
373,1.57494098255E12
374,1.574940982576E12
375,1.574940982613E12
376,1.574940982645E12
377,1.574940982679E12
378,1.574940982712E12
379,1.574940982743E12
381,1.574940982791E12
381,1.574940982816E12
382,1.574940982846E12
383,1.574940982882E12
384,1.574940982913E12
385,1.574940982945E12
386,1.574940982981E12
387,1.574940983016E12
388,1.574940983049E12
389,1.574940983083E12
390,1.574940983121E12
392,1.574940983204E12
392,1.574940983226E12
393,1.574940983245E12
394,1.574940983281E12
395,1.574940983322E12
396,1.574940983366E12
397,1.574940983393E12
398,1.57494098342E12
399,1.574940983447E12
400,1.574940983483E12
401,1.574940983511E12
402,1.574940983544E12
403,1.574940983588E12
404,1.574940983623E12
406,1.574940983665E12
406,1.574940983691E12
407,1.57494098372E12
408,1.574940983755E12
409,1.574940983787E12
410,1.574940983822E12
411,1.574940983863E12
412,1.574940983896E12
413,1.574940983932E12
414,1.574940983955E12
415,1.574940983993E12
416,1.574940984029E12
417,1.574940984057E12
418,1.574940984097E12
420,1.57494098414E12
420,1.574940984163E12
422,1.574940984206E12
422,1.57494098423E12
423,1.574940984258E12
424,1.574940984287E12
425,1.574940984325E12
426,1.574940984361E12
428,1.574940984441E12
428,1.574940984466E12
430,1.574940984502E12
430,1.574940984526E12
431,1.574940984559E12
432,1.5749409846E12
433,1.574940984634E12
434,1.574940984664E12
435,1.574940984696E12
436,1.574940984731E12
437,1.574940984759E12
439,1.574940984821E12
440,1.574940984845E12
440,1.574940984865E12
441,1.574940984892E12
442,1.574940984922E12
443,1.57494098496E12
444,1.57494098501E12
445,1.574940985033E12
446,1.574940985067E12
447,1.574940985101E12
448,1.57494098513E12
449,1.574940985164E12
451,1.574940985214E12
451,1.574940985234E12
452,1.57494098526E12
453,1.574940985301E12
454,1.574940985339E12
455,1.574940985368E12
456,1.574940985402E12
457,1.574940985435E12
459,1.574940985483E12
459,1.574940985505E12
460,1.574940985531E12
461,1.574940985565E12
462,1.5749409856E12
463,1.574940985635E12
464,1.574940985682E12
465,1.574940985711E12
466,1.574940985732E12
467,1.574940985766E12
468,1.574940985803E12
469,1.574940985845E12
471,1.574940985886E12
471,1.57494098591E12
472,1.574940985938E12
473,1.574940986028E12
475,1.574940986059E12
475,1.574940986082E12
476,1.574940986102E12
477,1.574940986134E12
478,1.574940986176E12
480,1.574940986217E12
480,1.574940986239E12
481,1.574940986269E12
482,1.574940986353E12
484,1.574940986385E12
484,1.574940986406E12
485,1.574940986439E12
487,1.574940986534E12
488,1.57494098656E12
488,1.574940986584E12
489,1.574940986608E12
490,1.574940986639E12
491,1.574940986682E12
492,1.574940986719E12
493,1.57494098675E12
494,1.574940986825E12
496,1.574940986861E12
496,1.574940986886E12
497,1.574940986915E12
498,1.574940986939E12
499,1.57494098698E12
500,1.574940987018E12
501,1.574940987049E12
502,1.574940987082E12
503,1.574940987118E12
504,1.57494098715E12
505,1.574940987182E12
506,1.574940987212E12
507,1.574940987244E12
508,1.574940987287E12
509,1.574940987321E12
510,1.574940987355E12
511,1.574940987382E12
512,1.574940987423E12
513,1.574940987456E12
514,1.574940987483E12
515,1.574940987518E12
517,1.574940987565E12
517,1.574940987591E12
518,1.574940987615E12
519,1.574940987648E12
520,1.574940987681E12
521,1.574940987726E12
522,1.574940987751E12
523,1.574940987785E12
524,1.574940987825E12
525,1.574940987857E12
526,1.574940987887E12
527,1.574940987931E12
528,1.574940987952E12
529,1.574940987988E12
530,1.574940988022E12
531,1.574940988058E12
532,1.57494098809E12
533,1.574940988119E12
534,1.574940988162E12
536,1.574940988198E12
536,1.574940988219E12
537,1.574940988253E12
538,1.57494098829E12
539,1.574940988332E12
540,1.574940988353E12
541,1.574940988386E12
542,1.574940988428E12
543,1.574940988453E12
544,1.5749409885E12
545,1.574940988533E12
546,1.574940988561E12
547,1.574940988593E12
548,1.574940988621E12
549,1.574940988661E12
550,1.574940988702E12
551,1.574940988729E12
552,1.574940988754E12
553,1.574940988797E12
554,1.574940988826E12
555,1.57494098886E12
556,1.574940988895E12
557,1.57494098893E12
558,1.574940988955E12
559,1.574940988996E12
560,1.574940989024E12
561,1.574940989064E12
562,1.574940989102E12
563,1.574940989131E12
564,1.574940989162E12
565,1.574940989197E12
566,1.574940989232E12
567,1.574940989265E12
568,1.574940989297E12
570,1.574940989367E12
581,1.574940989729E12
582,1.574940989766E12
583,1.574940989799E12
584,1.57494098984E12
585,1.574940989884E12
587,1.57494098991E12
587,1.574940989928E12
588,1.574940989963E12
593,1.574940990136E12
596,1.574940990236E12
597,1.574940990262E12
606,1.574940990611E12
607,1.574940990636E12
608,1.574940990672E12
609,1.574940990703E12
612,1.574940990809E12
613,1.57494099084E12
614,1.574940990876E12
621,1.574940991114E12
627,1.574940991308E12
628,1.574940991347E12
629,1.574940991371E12
630,1.574940991409E12
634,1.574940991549E12
635,1.574940991578E12
649,1.574940992051E12
650,1.574940992076E12
651,1.574940992117E12
652,1.574940992156E12
653,1.574940992185E12
654,1.574940992213E12
656,1.57494099228E12
657,1.574940992326E12
658,1.574940992359E12
659,1.574940992386E12
661,1.574940992448E12
662,1.574940992484E12
663,1.574940992517E12
664,1.574940992554E12
670,1.574940992754E12
671,1.574940992789E12
672,1.574940992816E12
673,1.574940992863E12
674,1.574940992897E12
675,1.574940992926E12
678,1.574940993003E12
678,1.574940993026E12
681,1.574940993122E12
682,1.574940993167E12
684,1.574940993227E12
685,1.574940993259E12
686,1.574940993287E12
687,1.574940993317E12
692,1.574940993498E12
695,1.574940993596E12
696,1.574940993662E12
697,1.574940993705E12
699,1.574940993773E12
700,1.574940993796E12
704,1.574940993932E12
705,1.574940993961E12
708,1.574940994063E12
709,1.574940994096E12
710,1.574940994124E12
711,1.574940994168E12
715,1.574940994302E12
716,1.574940994336E12
729,1.574940994804E12
730,1.574940994842E12
732,1.574940994907E12
733,1.574940994934E12
735,1.574940995007E12
736,1.574940995044E12
737,1.574940995075E12
738,1.574940995105E12
739,1.574940995133E12
740,1.574940995169E12
741,1.574940995203E12
742,1.574940995243E12
743,1.574940995275E12
744,1.574940995311E12
745,1.574940995335E12
746,1.574940995376E12
747,1.574940995419E12
748,1.57494099544E12
749,1.574940995476E12
750,1.574940995512E12
751,1.574940995536E12
752,1.574940995574E12
753,1.57494099561E12
754,1.57494099564E12
755,1.574940995683E12
756,1.574940995712E12
757,1.574940995754E12
759,1.57494099579E12
759,1.574940995809E12
760,1.574940995842E12
761,1.574940995876E12
762,1.574940995912E12
763,1.574940995939E12
764,1.57494099598E12
765,1.574940996017E12
766,1.574940996049E12
767,1.57494099608E12
768,1.574940996117E12
769,1.574940996156E12
770,1.574940996184E12
771,1.574940996223E12
772,1.574940996245E12
773,1.574940996276E12
774,1.57494099632E12
775,1.57494099635E12
776,1.574940996379E12
777,1.574940996412E12
778,1.574940996438E12
779,1.574940996483E12
780,1.57494099652E12
781,1.574940996551E12
782,1.574940996581E12
783,1.574940996617E12
784,1.574940996643E12
785,1.574940996676E12
786,1.574940996708E12
787,1.574940996743E12
788,1.574940996782E12
789,1.57494099682E12
790,1.574940996853E12
791,1.57494099689E12
793,1.574940996935E12
793,1.574940996955E12
794,1.574940996988E12
795,1.574940997019E12
796,1.574940997059E12
797,1.574940997095E12
799,1.574940997136E12
799,1.574940997158E12
801,1.574940997199E12
801,1.574940997218E12
802,1.574940997298E12
803,1.574940997342E12
804,1.574940997367E12
805,1.57494099743E12
806,1.574940997462E12
807,1.574940997491E12
808,1.574940997524E12
809,1.57494099756E12
810,1.574940997586E12
811,1.574940997625E12
812,1.574940997665E12
813,1.574940997694E12
814,1.57494099773E12
815,1.574940997769E12
816,1.574940997786E12
817,1.574940997822E12
818,1.574940997856E12
819,1.574940997899E12
820,1.574940997927E12
821,1.574940997952E12
822,1.574940997988E12
824,1.574940998046E12
824,1.574940998068E12
825,1.574940998096E12
826,1.574940998123E12
827,1.574940998162E12
828,1.574940998203E12
829,1.574940998234E12
830,1.574940998267E12
831,1.574940998303E12
832,1.574940998335E12
833,1.574940998368E12
834,1.574940998402E12
836,1.574940998445E12
836,1.574940998468E12
837,1.574940998499E12
838,1.574940998534E12
839,1.574940998563E12
840,1.574940998602E12
841,1.574940998635E12
842,1.574940998665E12
843,1.574940998698E12
844,1.574940998735E12
845,1.574940998777E12
847,1.574940998811E12
847,1.574940998833E12
848,1.574940998871E12
849,1.574940998895E12
850,1.57494099894E12
851,1.574940998988E12
853,1.574940999025E12
853,1.574940999047E12
854,1.574940999076E12
855,1.574940999103E12
856,1.574940999133E12
857,1.574940999165E12
858,1.574940999198E12
859,1.574940999226E12
860,1.574940999259E12
861,1.574940999306E12
862,1.574940999342E12
863,1.574940999374E12
864,1.574940999404E12
865,1.574940999443E12
866,1.574940999475E12
867,1.574940999506E12
868,1.574940999546E12
869,1.574940999573E12
870,1.574940999611E12
871,1.574940999636E12
872,1.574940999678E12
874,1.574940999718E12
874,1.574940999742E12
875,1.574940999783E12
877,1.574940999821E12
877,1.574940999844E12
878,1.574940999875E12
879,1.57494099992E12
880,1.574940999953E12
881,1.574940999979E12
882,1.574941000011E12
883,1.574941000044E12
884,1.57494100008E12
885,1.574941000115E12
886,1.574941000144E12
887,1.574941000181E12
888,1.574941000208E12
889,1.574941000229E12
890,1.57494100027E12
891,1.574941000303E12
892,1.574941000354E12
893,1.57494100038E12
894,1.574941000409E12
895,1.574941000452E12
896,1.574941000483E12
897,1.574941000509E12
898,1.574941000542E12
899,1.574941000581E12
900,1.574941000616E12
901,1.574941000644E12
902,1.574941000687E12
903,1.574941000714E12
904,1.574941000733E12
905,1.574941000817E12
906,1.574941000857E12
907,1.574941000884E12
908,1.574941000916E12
909,1.574941000952E12
910,1.574941000985E12
911,1.57494100102E12
912,1.574941001057E12
913,1.574941001087E12
914,1.57494100112E12
915,1.574941001164E12
917,1.574941001208E12
917,1.574941001224E12
918,1.57494100124E12
919,1.574941001279E12
920,1.574941001327E12
921,1.574941001362E12
922,1.574941001394E12
923,1.574941001416E12
924,1.574941001491E12
925,1.574941001518E12
926,1.574941001564E12
928,1.5749410016E12
928,1.574941001623E12
929,1.574941001656E12
930,1.574941001683E12
931,1.574941001718E12
932,1.574941001755E12
933,1.574941001796E12
934,1.574941001828E12
935,1.57494100186E12
936,1.574941001895E12
937,1.574941001926E12
938,1.574941001954E12
939,1.57494100199E12
940,1.574941002021E12
941,1.574941002061E12
942,1.574941002086E12
943,1.574941002131E12
944,1.574941002161E12
945,1.574941002199E12
946,1.574941002229E12
947,1.574941002258E12
948,1.57494100229E12
949,1.574941002324E12
950,1.574941002357E12
951,1.574941002397E12
952,1.574941002426E12
953,1.574941002463E12
954,1.574941002502E12
955,1.574941002527E12
956,1.57494100256E12
957,1.5749410026E12
958,1.574941002629E12
959,1.574941002659E12
960,1.574941002703E12
961,1.574941002734E12
962,1.574941002771E12
963,1.574941002794E12
964,1.574941002827E12
965,1.57494100286E12
966,1.574941002904E12
967,1.574941002943E12
968,1.574941002967E12
969,1.574941003003E12
970,1.574941003036E12
971,1.574941003074E12
972,1.574941003096E12
973,1.57494100313E12
974,1.574941003161E12
975,1.574941003207E12
976,1.574941003234E12
977,1.574941003274E12
978,1.574941003299E12
979,1.574941003334E12
980,1.574941003371E12
981,1.574941003398E12
982,1.574941003442E12
983,1.574941003481E12
984,1.574941003503E12
985,1.574941003542E12
986,1.574941003575E12
987,1.574941003608E12
989,1.574941003647E12
989,1.574941003669E12
990,1.574941003703E12
991,1.574941003741E12
992,1.574941003775E12
993,1.574941003806E12
994,1.574941003844E12
995,1.574941003876E12
996,1.574941003909E12
997,1.57494100394E12
998,1.574941003977E12
999,1.574941004006E12
1000,1.574941004046E12
1001,1.57494100408E12
1002,1.574941004114E12
1003,1.574941004157E12
1004,1.574941004179E12
1005,1.574941004202E12
1006,1.574941004231E12
1007,1.574941004277E12
1008,1.574941004308E12
1009,1.574941004341E12
1010,1.574941004379E12
1011,1.574941004416E12
1012,1.57494100444E12
1014,1.57494100449E12
1014,1.574941004511E12
1015,1.57494100454E12
1016,1.574941004579E12
1017,1.574941004613E12
1018,1.574941004642E12
1019,1.574941004681E12
1020,1.574941004714E12
1021,1.574941004741E12
1022,1.574941004783E12
1023,1.574941004824E12
1025,1.574941004866E12
1025,1.57494100489E12
1026,1.574941004916E12
1027,1.574941004944E12
1028,1.574941004976E12
1029,1.574941005014E12
1030,1.574941005049E12
1031,1.574941005079E12
1032,1.574941005122E12
1033,1.574941005153E12
1034,1.574941005175E12
1035,1.57494100522E12
1036,1.574941005251E12
1037,1.574941005283E12
1038,1.574941005325E12
1039,1.574941005355E12
1040,1.574941005387E12
1041,1.574941005423E12
1042,1.574941005447E12
1043,1.574941005488E12
1044,1.574941005521E12
1045,1.574941005558E12
1046,1.574941005587E12
1047,1.574941005627E12
1048,1.574941005661E12
1049,1.574941005696E12
1050,1.574941005727E12
1051,1.574941005752E12
1052,1.574941005783E12
1053,1.574941005822E12
1054,1.574941005854E12
1055,1.574941005894E12
1056,1.574941005915E12
1057,1.57494100595E12
1058,1.574941005982E12
1059,1.574941006025E12
1060,1.574941006059E12
1062,1.574941006105E12
1062,1.574941006131E12
1064,1.574941006176E12
1064,1.574941006204E12
1066,1.574941006233E12
1066,1.574941006252E12
1067,1.574941006285E12
1068,1.57494100632E12
1069,1.574941006363E12
1070,1.574941006395E12
1071,1.574941006432E12
1072,1.574941006455E12
1073,1.574941006491E12
1074,1.574941006526E12
1075,1.574941006559E12
1076,1.574941006595E12
1077,1.574941006628E12
1078,1.574941006657E12
1079,1.574941006696E12
1080,1.574941006729E12
1081,1.574941006768E12
1082,1.574941006798E12
1083,1.574941006826E12
1084,1.574941006855E12
1085,1.574941006896E12
1086,1.574941006933E12
1087,1.574941006966E12
1088,1.574941006997E12
1089,1.57494100703E12
1090,1.574941007062E12
1091,1.574941007102E12
1092,1.574941007135E12
1093,1.574941007163E12
1095,1.574941007207E12
1095,1.574941007224E12
1096,1.574941007261E12
1097,1.574941007305E12
1098,1.574941007334E12
1099,1.57494100737E12
1100,1.574941007397E12
1101,1.574941007423E12
1102,1.574941007468E12
1103,1.574941007507E12
1104,1.574941007537E12
1105,1.57494100757E12
1106,1.5749410076E12
1107,1.574941007635E12
1108,1.574941007662E12
1109,1.574941007702E12
1110,1.574941007741E12
1111,1.574941007775E12
1112,1.574941007805E12
1113,1.574941007833E12
1114,1.574941007864E12
1115,1.574941007905E12
1116,1.574941007949E12
1117,1.574941007973E12
1118,1.574941007998E12
1119,1.574941008038E12
1120,1.574941008073E12
1121,1.574941008107E12
1122,1.574941008145E12
1124,1.574941008187E12
1124,1.574941008205E12
1125,1.574941008233E12
1126,1.574941008272E12
1127,1.574941008306E12
1128,1.57494100834E12
1129,1.574941008371E12
1130,1.574941008487E12
1132,1.574941008533E12
1132,1.57494100855E12
1133,1.57494100857E12
1134,1.574941008599E12
1135,1.574941008638E12
1136,1.574941008681E12
1137,1.574941008714E12
1138,1.574941008747E12
1139,1.574941008776E12
1140,1.574941008811E12
1141,1.574941008838E12
1142,1.574941008874E12
1143,1.574941008912E12
1144,1.574941008933E12
1145,1.574941008978E12
1146,1.574941009017E12
1147,1.574941009049E12
1148,1.574941009077E12
1149,1.574941009113E12
1150,1.574941009145E12
1151,1.574941009182E12
1152,1.574941009215E12
1153,1.57494100924E12
1154,1.574941009275E12
1155,1.574941009312E12
1156,1.574941009345E12
1157,1.574941009381E12
1158,1.57494100942E12
1159,1.574941009454E12
1160,1.574941009485E12
1161,1.574941009525E12
1162,1.574941009554E12
1163,1.574941009581E12
1164,1.574941009612E12
1165,1.574941009651E12
1166,1.574941009675E12
1167,1.574941009715E12
1168,1.574941009751E12
1169,1.57494100979E12
1170,1.574941009817E12
1171,1.574941009858E12
1172,1.574941009892E12
1173,1.574941009919E12
1174,1.574941009955E12
1175,1.574941009988E12
1176,1.574941010018E12
1177,1.574941010053E12
1178,1.574941010093E12
1179,1.574941010126E12
1181,1.57494101016E12
1181,1.574941010181E12
1182,1.574941010212E12
1183,1.574941010249E12
1184,1.574941010283E12
1185,1.574941010319E12
1187,1.574941010365E12
1187,1.574941010391E12
1188,1.574941010417E12
1189,1.574941010457E12
1190,1.574941010491E12
1191,1.574941010526E12
1192,1.574941010552E12
1193,1.574941010599E12
1195,1.574941010638E12
1195,1.57494101066E12
1196,1.574941010699E12
1197,1.57494101072E12
1198,1.574941010758E12
1199,1.574941010798E12
1200,1.574941010832E12
1201,1.57494101087E12
1202,1.574941010892E12
1203,1.574941010928E12
1204,1.574941010959E12
1205,1.574941011002E12
1206,1.574941011034E12
1207,1.574941011065E12
1208,1.5749410111E12
1209,1.574941011136E12
1210,1.574941011163E12
1211,1.574941011196E12
1212,1.574941011228E12
1213,1.574941011257E12
1214,1.574941011295E12
1215,1.574941011335E12
1216,1.574941011379E12
1218,1.574941011412E12
1218,1.574941011433E12
1219,1.574941011463E12
1220,1.574941011502E12
1222,1.574941011542E12
1222,1.574941011565E12
1223,1.574941011601E12
1224,1.574941011633E12
1225,1.574941011669E12
1226,1.574941011706E12
1228,1.574941011753E12
1229,1.574941011779E12
1229,1.574941011797E12
1230,1.574941011832E12
1232,1.57494101188E12
1232,1.574941011898E12
1233,1.574941011931E12
1234,1.574941011964E12
1235,1.574941011993E12
1236,1.574941012035E12
1237,1.574941012064E12
1238,1.574941012093E12
1239,1.574941012174E12
1240,1.574941012199E12
1241,1.574941012226E12
1242,1.574941012272E12
1243,1.5749410123E12
1244,1.574941012343E12
1245,1.574941012372E12
1246,1.57494101241E12
1247,1.574941012432E12
1248,1.574941012469E12
1249,1.574941012505E12
1251,1.574941012548E12
1251,1.574941012566E12
1252,1.574941012601E12
1253,1.574941012642E12
1254,1.574941012674E12
1255,1.574941012707E12
1256,1.574941012744E12
1257,1.574941012769E12
1259,1.574941012818E12
1259,1.574941012841E12
1260,1.574941012875E12
1261,1.574941012902E12
1262,1.574941012945E12
1263,1.574941012975E12
1264,1.574941013012E12
1265,1.574941013038E12
1266,1.574941013079E12
1267,1.574941013108E12
1268,1.574941013149E12
1269,1.574941013183E12
1270,1.57494101321E12
1271,1.574941013231E12
1272,1.574941013263E12
1273,1.574941013308E12
1274,1.574941013338E12
1275,1.57494101338E12
1276,1.574941013408E12
1277,1.574941013451E12
1278,1.57494101348E12
1279,1.574941013515E12
1280,1.574941013547E12
1281,1.574941013579E12
1282,1.574941013612E12
1283,1.574941013643E12
1284,1.574941013681E12
1285,1.574941013717E12
1286,1.574941013748E12
1287,1.574941013781E12
1288,1.574941013817E12
1289,1.574941013854E12
1291,1.574941013893E12
1291,1.574941013914E12
1293,1.57494101396E12
1293,1.574941013981E12
1294,1.574941014015E12
1295,1.574941014049E12
1296,1.574941014074E12
1297,1.574941014115E12
1298,1.574941014152E12
1299,1.574941014183E12
1300,1.574941014213E12
1301,1.574941014246E12
1302,1.57494101428E12
1303,1.574941014318E12
1304,1.574941014357E12
1305,1.574941014388E12
1306,1.574941014432E12
1307,1.574941014451E12
1308,1.57494101449E12
1309,1.574941014517E12
1310,1.574941014566E12
1311,1.574941014589E12
1312,1.574941014626E12
1313,1.574941014653E12
1314,1.574941014684E12
1315,1.57494101472E12
1316,1.574941014756E12
1317,1.574941014782E12
1318,1.574941014825E12
1319,1.574941014859E12
1320,1.574941014901E12
1321,1.574941014929E12
1322,1.574941014956E12
1323,1.574941014992E12
1324,1.574941015023E12
1325,1.574941015057E12
1326,1.574941015095E12
1327,1.574941015122E12
1328,1.574941015162E12
1329,1.574941015191E12
1330,1.57494101522E12
1331,1.574941015253E12
1332,1.574941015285E12
1333,1.574941015327E12
1334,1.574941015362E12
1335,1.574941015388E12
1336,1.574941015432E12
1337,1.574941015458E12
1338,1.574941015497E12
1339,1.574941015533E12
1340,1.574941015563E12
1341,1.574941015604E12
1342,1.574941015635E12
1343,1.57494101567E12
1344,1.574941015694E12
1345,1.574941015731E12
1346,1.574941015765E12
1347,1.574941015794E12
1348,1.574941015834E12
1349,1.574941015858E12
1350,1.574941015904E12
1351,1.57494101593E12
1352,1.574941015964E12
1353,1.574941016E12
1354,1.57494101603E12
1355,1.574941016059E12
1356,1.574941016098E12
1357,1.574941016137E12
1358,1.574941016171E12
1359,1.5749410162E12
1360,1.574941016227E12
1361,1.574941016252E12
1362,1.574941016293E12
1363,1.574941016323E12
1364,1.57494101637E12
1365,1.574941016399E12
1366,1.574941016446E12
1367,1.574941016476E12
1368,1.574941016502E12
1369,1.574941016535E12
1370,1.574941016576E12
1371,1.574941016615E12
1372,1.574941016637E12
1373,1.574941016672E12
1374,1.574941016708E12
1375,1.574941016776E12
1376,1.574941016806E12
1377,1.57494101684E12
1378,1.57494101687E12
1379,1.574941016912E12
1380,1.574941016942E12
1381,1.574941016963E12
1382,1.574941017006E12
1383,1.574941017045E12
1384,1.574941017076E12
1385,1.574941017101E12
1386,1.574941017136E12
1387,1.574941017174E12
1389,1.574941017226E12
1389,1.574941017247E12
1390,1.574941017268E12
1391,1.574941017314E12
1392,1.574941017339E12
1393,1.574941017373E12
1394,1.574941017416E12
1396,1.574941017462E12
1396,1.574941017482E12
1397,1.574941017509E12
1398,1.574941017547E12
1399,1.574941017571E12
1400,1.574941017605E12
1401,1.574941017645E12
1402,1.574941017683E12
1403,1.574941017713E12
1404,1.574941017751E12
1405,1.574941017782E12
1406,1.574941017824E12
1407,1.574941017846E12
1408,1.574941017883E12
1409,1.574941017919E12
1410,1.574941017952E12
1411,1.574941017976E12
1412,1.574941018008E12
1413,1.574941018039E12
1414,1.574941018086E12
1415,1.574941018117E12
1416,1.574941018148E12
1418,1.574941018195E12
1418,1.574941018215E12
1419,1.574941018285E12
1420,1.57494101832E12
1421,1.574941018354E12
1422,1.574941018384E12
1423,1.574941018427E12
1424,1.574941018451E12
1426,1.574941018502E12
1426,1.574941018523E12
1427,1.574941018544E12
1428,1.574941018584E12
1429,1.574941018608E12
1430,1.574941018652E12
1431,1.574941018686E12
1432,1.574941018715E12
1433,1.574941018752E12
1434,1.574941018781E12
1435,1.574941018815E12
1436,1.574941018851E12
1437,1.574941018878E12
1438,1.574941018931E12
1440,1.574941018964E12
1440,1.574941018984E12
1441,1.57494101902E12
1442,1.574941019056E12
1443,1.574941019096E12
1445,1.574941019141E12
1445,1.574941019159E12
1446,1.574941019181E12
1447,1.574941019219E12
1448,1.574941019257E12
1449,1.574941019291E12
1450,1.574941019322E12
1452,1.574941019375E12
1452,1.574941019397E12
1453,1.57494101942E12
1454,1.574941019456E12
1455,1.574941019494E12
1456,1.574941019527E12
1457,1.574941019556E12
1458,1.574941019598E12
1459,1.574941019625E12
1460,1.574941019657E12
1461,1.574941019695E12
1462,1.574941019731E12
1463,1.574941019757E12
1464,1.574941019797E12
1465,1.574941019831E12
1467,1.574941019869E12
1467,1.574941019888E12
1468,1.574941019935E12
1469,1.574941019958E12
1470,1.574941019993E12
1471,1.574941020035E12
1472,1.574941020061E12
1473,1.574941020093E12
1474,1.574941020129E12
1475,1.574941020151E12
1476,1.574941020194E12
1477,1.574941020218E12
1478,1.574941020261E12
1479,1.574941020297E12
1480,1.574941020325E12
1481,1.574941020357E12
1482,1.574941020402E12
1483,1.574941020434E12
1484,1.574941020464E12
1485,1.5749410205E12
1486,1.574941020532E12
1487,1.574941020572E12
1488,1.574941020615E12
1490,1.574941020646E12
1490,1.574941020663E12
1491,1.574941020691E12
1492,1.574941020726E12
1494,1.574941020783E12
1494,1.574941020802E12
1495,1.574941020836E12
1496,1.574941020863E12
1497,1.574941020946E12
1498,1.574941020974E12
1499,1.574941020999E12
1500,1.574941021032E12
1501,1.574941021081E12
1503,1.574941021118E12
1503,1.57494102114E12
1504,1.574941021171E12
1505,1.5749410212E12
1506,1.57494102123E12
1507,1.574941021275E12
1508,1.574941021304E12
1509,1.574941021336E12
1510,1.57494102137E12
1511,1.574941021406E12
1512,1.574941021442E12
1513,1.574941021476E12
1514,1.574941021509E12
1515,1.574941021539E12
1516,1.574941021578E12
1517,1.574941021614E12
1518,1.574941021642E12
1519,1.574941021673E12
1520,1.574941021712E12
1521,1.574941021742E12
1522,1.574941021773E12
1523,1.574941021814E12
1524,1.574941021841E12
1525,1.574941021871E12
1526,1.574941021906E12
1527,1.574941021944E12
1528,1.574941021983E12
1529,1.574941022016E12
1530,1.574941022043E12
1531,1.574941022078E12
1532,1.574941022111E12
1533,1.574941022141E12
1534,1.574941022194E12
1535,1.574941022217E12
1536,1.574941022249E12
1537,1.574941022276E12
1538,1.574941022317E12
1539,1.574941022346E12
1540,1.574941022378E12
1541,1.574941022413E12
1542,1.574941022451E12
1543,1.574941022493E12
1544,1.574941022517E12
1545,1.574941022545E12
1546,1.574941022584E12
1548,1.574941022628E12
1548,1.574941022645E12
1549,1.574941022675E12
1550,1.574941022716E12
1551,1.574941022743E12
1552,1.574941022784E12
1553,1.574941022817E12
1554,1.574941022858E12
1556,1.574941022896E12
1556,1.574941022916E12
1557,1.574941022949E12
1558,1.574941022973E12
1559,1.574941023015E12
1560,1.574941023057E12
1561,1.574941023088E12
1562,1.574941023117E12
1563,1.574941023154E12
1564,1.57494102318E12
1565,1.574941023212E12
1566,1.574941023247E12
1567,1.57494102328E12
1568,1.574941023325E12
1569,1.574941023357E12
1570,1.574941023387E12
1571,1.574941023466E12
1572,1.574941023492E12
1573,1.574941023517E12
1574,1.574941023555E12
1575,1.574941023591E12
1576,1.574941023622E12
1577,1.574941023651E12
1578,1.574941023688E12
1579,1.574941023722E12
1580,1.57494102375E12
1581,1.574941023788E12
1582,1.574941023818E12
1583,1.574941023862E12
1584,1.5749410239E12
1585,1.574941023927E12
1586,1.574941023954E12
1587,1.574941023989E12
1588,1.574941024018E12
1589,1.57494102406E12
1590,1.574941024105E12
1592,1.574941024139E12
1592,1.574941024162E12
1594,1.574941024211E12
1595,1.574941024232E12
1595,1.574941024251E12
1596,1.574941024296E12
1597,1.574941024328E12
1598,1.574941024364E12
1599,1.574941024393E12
1600,1.574941024424E12
1601,1.574941024458E12
1602,1.574941024502E12
1603,1.574941024535E12
1604,1.574941024563E12
1605,1.574941024597E12
1606,1.574941024648E12
1608,1.574941024677E12
1608,1.5749410247E12
1609,1.574941024727E12
1610,1.574941024761E12
1611,1.574941024795E12
1612,1.574941024837E12
1613,1.574941024882E12
1614,1.574941024914E12
1615,1.574941024975E12
1616,1.574941025002E12
1617,1.574941025035E12
1618,1.574941025074E12
1619,1.5749410251E12
1620,1.574941025132E12
1621,1.574941025164E12
1622,1.574941025204E12
1623,1.574941025229E12
1624,1.574941025261E12
1625,1.5749410253E12
1626,1.574941025333E12
1627,1.574941025366E12
1628,1.574941025397E12
1629,1.574941025435E12
1630,1.574941025473E12
1631,1.574941025501E12
1632,1.574941025535E12
1633,1.574941025569E12
1634,1.574941025602E12
1635,1.574941025645E12
1636,1.574941025673E12
1637,1.574941025702E12
1638,1.574941025737E12
1639,1.574941025773E12
1640,1.574941025807E12
1641,1.574941025841E12
1642,1.574941025875E12
1643,1.574941025904E12
1644,1.574941025942E12
1645,1.574941025975E12
1646,1.574941026008E12
1647,1.574941026034E12
1648,1.574941026071E12
1649,1.574941026106E12
1650,1.574941026134E12
1651,1.574941026174E12
1652,1.574941026208E12
1653,1.574941026234E12
1654,1.574941026275E12
1655,1.574941026305E12
1656,1.57494102635E12
1657,1.574941026371E12
1658,1.57494102641E12
1659,1.57494102644E12
1660,1.574941026478E12
1661,1.574941026514E12
1662,1.574941026541E12
1663,1.574941026581E12
1664,1.574941026614E12
1665,1.574941026648E12
1666,1.574941026681E12
1667,1.574941026709E12
1668,1.574941026755E12
1669,1.574941026785E12
1670,1.574941026809E12
1671,1.574941026849E12
1672,1.574941026874E12
1673,1.574941026907E12
1674,1.574941026944E12
1675,1.574941026982E12
1676,1.57494102701E12
1677,1.574941027042E12
1678,1.574941027082E12
1679,1.574941027114E12
1680,1.574941027151E12
1681,1.574941027177E12
1682,1.57494102722E12
1683,1.574941027251E12
1684,1.574941027278E12
1685,1.574941027316E12
1686,1.574941027346E12
1687,1.574941027385E12
1688,1.574941027418E12
1689,1.574941027451E12
1690,1.574941027487E12
1691,1.57494102752E12
1692,1.574941027564E12
1693,1.574941027597E12
1694,1.574941027627E12
1695,1.574941027657E12
1696,1.574941027683E12
1697,1.574941027711E12
1698,1.574941027748E12
1699,1.574941027788E12
1700,1.574941027817E12
1701,1.574941027852E12
1702,1.57494102789E12
1704,1.574941027936E12
1704,1.574941027955E12
1705,1.574941027987E12
1706,1.574941028014E12
1707,1.574941028055E12
1708,1.574941028083E12
1709,1.574941028128E12
1710,1.574941028161E12
1711,1.574941028233E12
1712,1.57494102826E12
1713,1.574941028287E12
1714,1.574941028333E12
1715,1.574941028365E12
1716,1.574941028395E12
1717,1.57494102842E12
1718,1.574941028455E12
1719,1.574941028488E12
1720,1.574941028525E12
1721,1.57494102856E12
1722,1.574941028597E12
1723,1.574941028627E12
1724,1.574941028661E12
1725,1.574941028692E12
1726,1.574941028723E12
1727,1.574941028759E12
1728,1.574941028798E12
1729,1.574941028835E12
1730,1.57494102886E12
1731,1.574941028894E12
1732,1.574941028929E12
1733,1.574941029002E12
1735,1.574941029039E12
1735,1.574941029062E12
1736,1.574941029094E12
1737,1.574941029133E12
1738,1.574941029161E12
1739,1.574941029202E12
1740,1.574941029239E12
1741,1.574941029264E12
1742,1.57494102929E12
1743,1.574941029327E12
1744,1.574941029365E12
1745,1.574941029402E12
1746,1.574941029443E12
1747,1.574941029473E12
1748,1.574941029506E12
1749,1.574941029535E12
1750,1.574941029571E12
1751,1.574941029596E12
1752,1.574941029633E12
1753,1.574941029672E12
1754,1.574941029693E12
1755,1.574941029731E12
1756,1.574941029762E12
1757,1.574941029806E12
1758,1.574941029833E12
1759,1.574941029869E12
1760,1.574941029903E12
1761,1.574941029941E12
1762,1.574941029977E12
1764,1.574941030014E12
1764,1.574941030035E12
1765,1.574941030071E12
1766,1.574941030106E12
1767,1.574941030138E12
1768,1.574941030173E12
1769,1.574941030201E12
1770,1.574941030231E12
1771,1.574941030258E12
1772,1.574941030297E12
1773,1.574941030336E12
1774,1.574941030369E12
1775,1.5749410304E12
1776,1.574941030436E12
1778,1.574941030519E12
1778,1.574941030538E12
1779,1.574941030565E12
1780,1.574941030603E12
1781,1.574941030643E12
1782,1.574941030681E12
1783,1.57494103071E12
1784,1.574941030739E12
1785,1.574941030773E12
1786,1.574941030808E12
1787,1.574941030837E12
1788,1.574941030871E12
1789,1.574941030904E12
1790,1.57494103094E12
1791,1.574941030972E12
1792,1.57494103101E12
1793,1.57494103103E12
1794,1.574941031067E12
1795,1.574941031097E12
1796,1.574941031132E12
1797,1.574941031166E12
1798,1.574941031213E12
1799,1.574941031238E12
1800,1.574941031265E12
1801,1.5749410313E12
1802,1.574941031333E12
1803,1.574941031368E12
1804,1.574941031398E12
1805,1.574941031431E12
1806,1.574941031465E12
1807,1.574941031503E12
1808,1.57494103154E12
1809,1.574941031566E12
1810,1.574941031599E12
1811,1.574941031638E12
1812,1.574941031671E12
1813,1.574941031702E12
1814,1.574941031737E12
1815,1.57494103177E12
1816,1.574941031816E12
1817,1.574941031841E12
1818,1.574941031868E12
1819,1.574941031904E12
1820,1.574941031938E12
1821,1.574941031972E12
1822,1.574941032004E12
1823,1.574941032039E12
1824,1.574941032075E12
1825,1.574941032104E12
1826,1.574941032139E12
1827,1.574941032173E12
1828,1.574941032206E12
1829,1.574941032238E12
1830,1.574941032272E12
1831,1.574941032304E12
1832,1.574941032339E12
1833,1.574941032376E12
1834,1.574941032411E12
1835,1.57494103244E12
1836,1.574941032476E12
1837,1.574941032511E12
1838,1.57494103254E12
1839,1.574941032575E12
1840,1.57494103262E12
1841,1.574941032643E12
1842,1.57494103268E12
1843,1.574941032711E12
1844,1.574941032743E12
1845,1.574941032778E12
1846,1.574941032812E12
1847,1.574941032844E12
1848,1.57494103288E12
1849,1.574941032911E12
1850,1.574941032942E12
1851,1.57494103298E12
1852,1.574941033014E12
1853,1.574941033048E12
1854,1.574941033081E12
1855,1.574941033115E12
1856,1.574941033161E12
1857,1.574941033186E12
1858,1.574941033214E12
1859,1.574941033246E12
1860,1.574941033282E12
1861,1.574941033315E12
1862,1.574941033351E12
1863,1.574941033382E12
1864,1.574941033425E12
1865,1.574941033448E12
1866,1.574941033482E12
1867,1.574941033521E12
1868,1.574941033549E12
1869,1.574941033582E12
1870,1.574941033619E12
1871,1.574941033654E12
1873,1.574941033702E12
1873,1.57494103372E12
1874,1.574941033752E12
1875,1.574941033787E12
1876,1.57494103382E12
1877,1.574941033857E12
1878,1.574941033887E12
1879,1.57494103392E12
1880,1.574941033951E12
1881,1.574941033984E12
1882,1.57494103402E12
1883,1.574941034056E12
1884,1.574941034088E12
1885,1.574941034121E12
1886,1.574941034156E12
1887,1.574941034192E12
1888,1.574941034222E12
1889,1.574941034257E12
1890,1.574941034289E12
1891,1.574941034324E12
1892,1.57494103436E12
1893,1.574941034391E12
1894,1.574941034427E12
1895,1.574941034457E12
1896,1.574941034491E12
1897,1.574941034524E12
1898,1.574941034558E12
1899,1.574941034591E12
1900,1.574941034626E12
1901,1.574941034659E12
1902,1.574941034692E12
1903,1.574941034741E12
1904,1.574941034768E12
1905,1.574941034795E12
1906,1.574941034827E12
1907,1.574941034863E12
1908,1.574941034895E12
1909,1.574941034931E12
1910,1.57494103496E12
1911,1.574941035007E12
1912,1.574941035044E12
1913,1.574941035072E12
1914,1.574941035104E12
1915,1.574941035142E12
1916,1.574941035177E12
1917,1.574941035207E12
1918,1.574941035228E12
1919,1.574941035261E12
1920,1.574941035299E12
1921,1.574941035333E12
1922,1.574941035363E12
1923,1.574941035404E12
1924,1.574941035434E12
1925,1.574941035465E12
1926,1.574941035501E12
1927,1.574941035543E12
1928,1.574941035567E12
1929,1.574941035599E12
1930,1.574941035632E12
1931,1.574941035683E12
1932,1.574941035703E12
1933,1.574941035736E12
1934,1.574941035768E12
1935,1.574941035802E12
1936,1.574941035836E12
1937,1.574941035871E12
1938,1.574941035898E12
1939,1.57494103594E12
1940,1.574941035969E12
1941,1.574941036E12
1942,1.574941036037E12
1943,1.574941036071E12
1944,1.574941036103E12
1945,1.574941036139E12
1946,1.57494103617E12
1947,1.574941036219E12
1948,1.574941036239E12
1949,1.57494103627E12
1950,1.574941036302E12
1951,1.574941036339E12
1952,1.574941036373E12
1953,1.574941036405E12
1954,1.574941036444E12
1955,1.574941036478E12
1956,1.574941036505E12
1957,1.574941036543E12
1958,1.574941036572E12
1959,1.574941036605E12
1960,1.574941036642E12
1961,1.574941036674E12
1962,1.574941036706E12
1963,1.574941036746E12
1964,1.574941036774E12
1965,1.574941036806E12
1966,1.574941036841E12
1968,1.574941036907E12
1968,1.574941036925E12
1969,1.574941036947E12
0,1.574941060122E12
1,1.574941060515E12
2,1.574941060545E12
3,1.574941060582E12
4,1.574941060615E12
5,1.574941060649E12
6,1.574941060699E12
7,1.574941060732E12
8,1.574941060761E12
9,1.574941060794E12
10,1.574941060831E12
11,1.574941060862E12
12,1.574941060901E12
13,1.574941060932E12
14,1.574941060968E12
15,1.574941061001E12
16,1.574941061033E12
17,1.574941061069E12
18,1.574941061097E12
19,1.574941061134E12
20,1.57494106117E12
21,1.574941061197E12
22,1.574941061232E12
23,1.574941061266E12
24,1.574941061312E12
25,1.574941061346E12
26,1.574941061375E12
27,1.574941061412E12
28,1.574941061442E12
29,1.574941061474E12
30,1.57494106151E12
31,1.574941061536E12
32,1.574941061577E12
33,1.574941061624E12
34,1.574941061654E12
35,1.574941061689E12
36,1.574941061722E12
37,1.574941061746E12
38,1.574941061783E12
39,1.574941061824E12
40,1.57494106185E12
41,1.574941061885E12
42,1.57494106192E12
43,1.574941061955E12
44,1.574941062027E12
45,1.574941062065E12
46,1.574941062128E12
47,1.574941062153E12
48,1.574941062203E12
49,1.574941062223E12
50,1.574941062249E12
51,1.574941062288E12
52,1.574941062324E12
53,1.57494106236E12
54,1.574941062401E12
55,1.574941062428E12
56,1.574941062448E12
57,1.574941062482E12
58,1.57494106253E12
59,1.574941062561E12
60,1.57494106259E12
61,1.574941062629E12
62,1.574941062661E12
63,1.574941062692E12
64,1.574941062729E12
65,1.574941062761E12
66,1.574941062801E12
67,1.574941062829E12
68,1.574941062857E12
69,1.574941062883E12
70,1.57494106292E12
71,1.574941062956E12
72,1.574941062999E12
73,1.574941063031E12
74,1.574941063069E12
75,1.574941063099E12
76,1.574941063128E12
77,1.574941063167E12
78,1.574941063204E12
79,1.574941063237E12
80,1.574941063264E12
81,1.574941063301E12
82,1.574941063336E12
83,1.574941063364E12
84,1.574941063403E12
85,1.574941063436E12
86,1.574941063471E12
87,1.574941063502E12
88,1.57494106354E12
89,1.574941063571E12
90,1.574941063599E12
91,1.574941063636E12
92,1.574941063669E12
93,1.5749410637E12
94,1.574941063727E12
95,1.57494106376E12
96,1.574941063809E12
97,1.574941063847E12
98,1.574941063873E12
99,1.574941063902E12
100,1.574941063949E12
101,1.574941063979E12
102,1.574941064003E12
103,1.57494106404E12
104,1.574941064081E12
105,1.574941064114E12
106,1.574941064144E12
107,1.574941064181E12
108,1.574941064211E12
109,1.574941064239E12
110,1.574941064278E12
111,1.574941064309E12
112,1.574941064345E12
113,1.574941064383E12
114,1.574941064415E12
115,1.57494106444E12
116,1.574941064468E12
117,1.574941064502E12
118,1.574941064547E12
119,1.574941064577E12
120,1.574941064609E12
121,1.57494106464E12
122,1.574941064678E12
123,1.574941064754E12
124,1.574941064784E12
125,1.574941064805E12
126,1.574941064839E12
127,1.574941064871E12
128,1.574941064902E12
129,1.574941064936E12
130,1.57494106498E12
131,1.574941065011E12
133,1.574941065101E12
133,1.574941065124E12
134,1.574941065153E12
135,1.574941065182E12
136,1.574941065208E12
138,1.574941065256E12
138,1.574941065277E12
139,1.574941065313E12
140,1.574941065347E12
141,1.574941065382E12
142,1.574941065414E12
143,1.574941065452E12
144,1.57494106548E12
145,1.574941065546E12
146,1.574941065581E12
147,1.574941065611E12
148,1.574941065647E12
149,1.574941065678E12
150,1.574941065715E12
151,1.574941065754E12
152,1.574941065789E12
153,1.574941065821E12
154,1.574941065863E12
155,1.574941065888E12
156,1.57494106591E12
157,1.574941065947E12
158,1.574941065982E12
159,1.574941066016E12
160,1.574941066058E12
161,1.57494106609E12
162,1.574941066118E12
163,1.574941066158E12
164,1.574941066193E12
165,1.57494106623E12
166,1.574941066254E12
167,1.574941066278E12
168,1.574941066321E12
169,1.574941066358E12
170,1.574941066396E12
171,1.574941066432E12
172,1.574941066456E12
173,1.574941066482E12
174,1.574941066517E12
175,1.574941066563E12
176,1.574941066588E12
177,1.574941066628E12
178,1.57494106665E12
179,1.574941066688E12
180,1.574941066729E12
181,1.574941066759E12
182,1.574941066802E12
183,1.574941066835E12
184,1.574941066861E12
185,1.574941066898E12
186,1.574941066922E12
187,1.574941066962E12
188,1.574941066995E12
189,1.574941067025E12
190,1.574941067066E12
191,1.574941067101E12
193,1.574941067142E12
193,1.574941067164E12
194,1.574941067195E12
195,1.574941067226E12
196,1.574941067257E12
197,1.574941067295E12
198,1.574941067328E12
199,1.574941067364E12
200,1.574941067392E12
201,1.574941067419E12
202,1.574941067457E12
203,1.574941067494E12
204,1.574941067517E12
205,1.574941067555E12
206,1.574941067586E12
207,1.574941067625E12
208,1.574941067666E12
209,1.574941067687E12
210,1.574941067722E12
211,1.574941067758E12
212,1.574941067792E12
213,1.574941067823E12
214,1.574941067857E12
215,1.5749410679E12
216,1.574941067931E12
217,1.574941067956E12
218,1.574941067989E12
219,1.574941068027E12
220,1.574941068058E12
221,1.574941068094E12
222,1.574941068127E12
223,1.574941068162E12
224,1.57494106821E12
225,1.574941068233E12
0,1.574941133363E12
1,1.57494113377E12
2,1.574941133802E12
3,1.574941133839E12
4,1.574941133872E12
5,1.574941133907E12
6,1.574941133956E12
7,1.574941133984E12
8,1.574941134019E12
9,1.574941134056E12
10,1.574941134089E12
11,1.57494113412E12
12,1.574941134159E12
13,1.574941134186E12
14,1.574941134221E12
15,1.57494113426E12
16,1.574941134291E12
17,1.574941134321E12
18,1.574941134354E12
19,1.574941134387E12
20,1.574941134422E12
21,1.574941134458E12
22,1.574941134488E12
23,1.574941134542E12
24,1.574941134576E12
25,1.574941134606E12
26,1.574941134639E12
27,1.574941134668E12
28,1.574941134707E12
29,1.574941134733E12
30,1.57494113477E12
31,1.574941134794E12
32,1.574941134836E12
33,1.574941134867E12
34,1.574941134892E12
35,1.57494113493E12
36,1.574941134971E12
37,1.574941135005E12
38,1.574941135049E12
39,1.574941135074E12
40,1.574941135111E12
41,1.57494113514E12
42,1.574941135178E12
43,1.574941135213E12
44,1.574941135251E12
45,1.574941135284E12
46,1.574941135317E12
47,1.574941135348E12
48,1.574941135381E12
49,1.574941135407E12
50,1.574941135444E12
51,1.574941135478E12
52,1.574941135513E12
53,1.574941135548E12
54,1.574941135588E12
55,1.574941135628E12
56,1.574941135722E12
57,1.574941135754E12
58,1.574941135786E12
59,1.57494113581E12
60,1.574941135848E12
61,1.57494113588E12
62,1.574941135914E12
63,1.574941135957E12
64,1.574941135995E12
65,1.574941136015E12
66,1.574941136045E12
67,1.574941136089E12
68,1.57494113612E12
69,1.574941136151E12
70,1.574941136189E12
71,1.574941136218E12
72,1.574941136249E12
73,1.57494113628E12
74,1.574941136319E12
75,1.574941136355E12
76,1.574941136383E12
77,1.574941136416E12
78,1.574941136452E12
79,1.574941136491E12
80,1.57494113652E12
81,1.574941136561E12
82,1.574941136595E12
83,1.574941136622E12
84,1.574941136651E12
85,1.574941136691E12
86,1.574941136722E12
87,1.574941136759E12
88,1.574941136791E12
89,1.574941136817E12
90,1.574941136859E12
91,1.574941136896E12
92,1.57494113693E12
93,1.574941136952E12
94,1.574941136992E12
95,1.574941137027E12
96,1.574941137055E12
97,1.574941137095E12
99,1.574941137137E12
99,1.574941137159E12
100,1.574941137202E12
101,1.574941137229E12
102,1.574941137276E12
103,1.574941137298E12
104,1.574941137333E12
105,1.574941137364E12
106,1.574941137403E12
107,1.574941137433E12
108,1.574941137461E12
109,1.574941137496E12
110,1.574941137524E12
111,1.574941137563E12
112,1.574941137597E12
113,1.574941137643E12
114,1.574941137674E12
115,1.574941137705E12
116,1.574941137732E12
117,1.574941137756E12
118,1.574941137804E12
119,1.574941137839E12
120,1.574941137871E12
121,1.574941137898E12
122,1.574941137949E12
123,1.574941137974E12
124,1.574941138003E12
126,1.574941138048E12
126,1.574941138068E12
127,1.574941138105E12
129,1.57494113815E12
129,1.57494113817E12
130,1.574941138193E12
131,1.574941138235E12
132,1.574941138271E12
133,1.574941138304E12
134,1.574941138337E12
135,1.574941138374E12
136,1.574941138409E12
137,1.574941138441E12
138,1.574941138478E12
139,1.574941138512E12
140,1.574941138536E12
141,1.574941138574E12
142,1.574941138599E12
143,1.57494113864E12
144,1.574941138672E12
145,1.574941138708E12
146,1.57494113874E12
147,1.574941138778E12
148,1.574941138814E12
149,1.574941138838E12
150,1.574941138868E12
151,1.57494113891E12
152,1.574941138945E12
153,1.574941138979E12
154,1.57494113901E12
155,1.574941139043E12
156,1.574941139075E12
157,1.574941139103E12
158,1.57494113915E12
159,1.574941139172E12
160,1.574941139202E12
161,1.574941139244E12
163,1.574941139292E12
163,1.574941139317E12
164,1.574941139354E12
165,1.57494113939E12
166,1.574941139416E12
167,1.574941139488E12
168,1.574941139515E12
169,1.574941139541E12
170,1.574941139576E12
171,1.574941139608E12
172,1.574941139653E12
173,1.57494113969E12
174,1.574941139722E12
175,1.57494113976E12
176,1.574941139794E12
177,1.57494113982E12
178,1.574941139851E12
179,1.574941139889E12
180,1.574941139924E12
181,1.574941139958E12
182,1.574941139987E12
183,1.574941140027E12
184,1.574941140055E12
185,1.574941140083E12
186,1.574941140113E12
187,1.574941140142E12
188,1.574941140188E12
189,1.574941140225E12
190,1.574941140256E12
191,1.574941140283E12
192,1.574941140317E12
193,1.574941140355E12
194,1.574941140384E12
195,1.574941140425E12
196,1.574941140457E12
197,1.574941140483E12
198,1.574941140516E12
199,1.574941140552E12
200,1.574941140586E12
201,1.574941140634E12
202,1.574941140656E12
203,1.574941140691E12
204,1.574941140722E12
205,1.574941140759E12
206,1.574941140782E12
207,1.574941140826E12
208,1.574941140858E12
209,1.574941140886E12
210,1.574941140922E12
211,1.574941140955E12
212,1.574941140991E12
213,1.574941141061E12
214,1.574941141088E12
215,1.574941141126E12
216,1.574941141158E12
217,1.574941141195E12
218,1.574941141228E12
219,1.574941141261E12
220,1.574941141294E12
221,1.574941141326E12
222,1.574941141357E12
223,1.574941141388E12
224,1.574941141431E12
225,1.574941141458E12
226,1.574941141489E12
227,1.574941141517E12
228,1.574941141559E12
229,1.574941141595E12
230,1.574941141623E12
231,1.574941141668E12
232,1.5749411417E12
233,1.574941141728E12
234,1.57494114176E12
235,1.574941141799E12
237,1.574941141836E12
237,1.574941141857E12
238,1.574941141896E12
239,1.574941141932E12
240,1.574941141975E12
241,1.574941142009E12
242,1.574941142041E12
243,1.574941142071E12
244,1.574941142099E12
245,1.574941142134E12
246,1.574941142179E12
248,1.574941142216E12
248,1.574941142233E12
249,1.574941142258E12
250,1.5749411423E12
251,1.574941142339E12
252,1.57494114237E12
253,1.574941142403E12
254,1.574941142442E12
255,1.574941142514E12
257,1.574941142552E12
257,1.574941142575E12
258,1.574941142607E12
259,1.574941142643E12
260,1.574941142679E12
261,1.574941142715E12
262,1.574941142743E12
264,1.574941142785E12
264,1.574941142808E12
265,1.574941142839E12
266,1.574941142871E12
267,1.574941142912E12
268,1.574941142938E12
269,1.574941142979E12
270,1.574941143009E12
272,1.574941143093E12
272,1.574941143124E12
273,1.574941143148E12
274,1.57494114318E12
275,1.574941143215E12
276,1.574941143242E12
277,1.574941143279E12
278,1.574941143317E12
279,1.574941143355E12
280,1.574941143383E12
281,1.574941143414E12
282,1.574941143443E12
283,1.574941143484E12
284,1.574941143514E12
285,1.574941143547E12
286,1.574941143577E12
287,1.574941143616E12
288,1.574941143653E12
289,1.574941143677E12
290,1.574941143713E12
291,1.574941143752E12
292,1.574941143783E12
293,1.574941143825E12
295,1.574941143866E12
296,1.574941143889E12
296,1.574941143909E12
297,1.574941143943E12
298,1.574941143984E12
299,1.574941144026E12
300,1.574941144058E12
302,1.574941144098E12
302,1.574941144122E12
303,1.574941144164E12
304,1.574941144192E12
305,1.574941144216E12
306,1.574941144249E12
307,1.574941144279E12
308,1.574941144325E12
310,1.574941144402E12
310,1.574941144428E12
311,1.574941144458E12
312,1.574941144497E12
313,1.574941144524E12
314,1.574941144556E12
315,1.574941144585E12
316,1.574941144619E12
317,1.574941144668E12
318,1.574941144699E12
319,1.574941144731E12
320,1.574941144768E12
322,1.574941144802E12
322,1.574941144829E12
323,1.574941144865E12
324,1.574941144896E12
325,1.574941144924E12
326,1.574941144964E12
327,1.574941144995E12
328,1.574941145021E12
329,1.574941145062E12
330,1.574941145097E12
331,1.574941145133E12
332,1.574941145151E12
333,1.57494114519E12
334,1.574941145216E12
335,1.574941145264E12
336,1.574941145292E12
337,1.574941145336E12
338,1.574941145361E12
339,1.574941145397E12
340,1.574941145426E12
341,1.574941145465E12
342,1.574941145494E12
343,1.574941145522E12
344,1.574941145559E12
345,1.5749411456E12
346,1.57494114564E12
347,1.574941145673E12
349,1.574941145708E12
349,1.574941145731E12
350,1.574941145765E12
351,1.574941145792E12
352,1.574941145828E12
353,1.574941145879E12
354,1.574941145903E12
355,1.574941145933E12
356,1.574941145964E12
357,1.57494114599E12
358,1.57494114603E12
359,1.574941146064E12
360,1.574941146105E12
361,1.574941146135E12
362,1.574941146166E12
363,1.5749411462E12
364,1.574941146234E12
365,1.574941146269E12
366,1.574941146299E12
367,1.574941146338E12
368,1.574941146374E12
369,1.5749411464E12
370,1.574941146435E12
371,1.574941146478E12
372,1.574941146501E12
373,1.574941146536E12
374,1.574941146564E12
375,1.574941146607E12
376,1.574941146641E12
377,1.574941146672E12
378,1.574941146707E12
379,1.574941146741E12
380,1.574941146776E12
381,1.574941146809E12
383,1.574941146848E12
383,1.57494114687E12
384,1.574941146901E12
385,1.574941146939E12
386,1.574941146975E12
387,1.574941147005E12
388,1.574941147041E12
389,1.57494114708E12
390,1.574941147107E12
391,1.574941147144E12
392,1.574941147166E12
393,1.574941147203E12
394,1.57494114725E12
395,1.57494114728E12
396,1.574941147315E12
397,1.574941147348E12
398,1.574941147376E12
399,1.574941147411E12
400,1.574941147443E12
401,1.574941147485E12
403,1.574941147529E12
403,1.574941147555E12
404,1.574941147585E12
405,1.574941147613E12
406,1.574941147645E12
407,1.574941147682E12
408,1.574941147712E12
409,1.574941147757E12
410,1.574941147787E12
411,1.574941147811E12
412,1.574941147843E12
413,1.574941147878E12
414,1.574941147902E12
415,1.574941147944E12
416,1.574941148023E12
417,1.574941148055E12
418,1.57494114809E12
419,1.574941148122E12
421,1.57494114819E12
421,1.574941148217E12
422,1.574941148247E12
423,1.574941148275E12
424,1.574941148311E12
425,1.57494114835E12
426,1.574941148379E12
427,1.574941148424E12
428,1.574941148451E12
429,1.574941148486E12
430,1.574941148516E12
431,1.574941148549E12
432,1.57494114858E12
433,1.574941148623E12
434,1.574941148657E12
435,1.574941148688E12
436,1.574941148715E12
437,1.574941148748E12
438,1.574941148784E12
439,1.574941148822E12
440,1.574941148851E12
441,1.574941148886E12
442,1.574941148918E12
443,1.574941148957E12
444,1.574941149022E12
445,1.57494114906E12
446,1.574941149091E12
448,1.574941149135E12
448,1.574941149155E12
449,1.574941149176E12
450,1.574941149207E12
451,1.57494114924E12
452,1.574941149277E12
453,1.574941149308E12
454,1.574941149341E12
455,1.574941149379E12
456,1.574941149413E12
457,1.574941149456E12
458,1.57494114948E12
459,1.574941149518E12
460,1.574941149549E12
461,1.574941149579E12
462,1.574941149614E12
463,1.57494114965E12
0,1.574941152985E12
1,1.574941153361E12
2,1.574941153386E12
3,1.574941153423E12
4,1.574941153457E12
5,1.574941153492E12
6,1.574941153542E12
7,1.574941153572E12
8,1.574941153606E12
9,1.574941153639E12
10,1.574941153675E12
11,1.574941153706E12
12,1.57494115374E12
13,1.57494115377E12
14,1.574941153804E12
15,1.574941153838E12
16,1.574941153874E12
17,1.574941153904E12
18,1.574941153937E12
19,1.574941153971E12
20,1.574941154005E12
21,1.574941154039E12
22,1.574941154073E12
23,1.57494115411E12
24,1.57494115414E12
25,1.574941154175E12
26,1.574941154208E12
27,1.574941154245E12
28,1.574941154291E12
29,1.574941154325E12
30,1.574941154364E12
31,1.574941154384E12
32,1.574941154419E12
33,1.574941154465E12
34,1.574941154499E12
35,1.574941154523E12
36,1.574941154567E12
37,1.574941154594E12
38,1.574941154633E12
39,1.574941154662E12
40,1.574941154697E12
41,1.57494115472E12
42,1.574941154754E12
43,1.574941154796E12
44,1.574941154827E12
45,1.574941154862E12
46,1.574941154906E12
47,1.57494115493E12
48,1.574941154963E12
49,1.574941155E12
50,1.574941155033E12
51,1.574941155062E12
52,1.574941155101E12
53,1.574941155132E12
55,1.57494115521E12
55,1.574941155226E12
56,1.574941155254E12
57,1.574941155291E12
58,1.574941155331E12
59,1.574941155371E12
60,1.574941155396E12
61,1.574941155432E12
62,1.574941155507E12
63,1.574941155532E12
64,1.57494115556E12
65,1.5749411556E12
66,1.574941155631E12
67,1.574941155672E12
68,1.574941155699E12
69,1.574941155733E12
70,1.574941155779E12
71,1.57494115581E12
72,1.574941155838E12
73,1.574941155874E12
74,1.574941155901E12
75,1.574941155977E12
76,1.574941156011E12
77,1.574941156043E12
78,1.574941156075E12
79,1.574941156113E12
80,1.574941156143E12
81,1.574941156174E12
82,1.574941156209E12
83,1.574941156237E12
84,1.574941156272E12
85,1.574941156301E12
86,1.574941156341E12
87,1.574941156377E12
88,1.574941156399E12
89,1.574941156438E12
90,1.574941156474E12
91,1.574941156524E12
92,1.574941156571E12
93,1.57494115659E12
94,1.574941156612E12
95,1.574941156638E12
96,1.57494115667E12
97,1.574941156711E12
98,1.574941156746E12
99,1.574941156781E12
100,1.574941156818E12
101,1.57494115686E12
103,1.574941156934E12
103,1.574941156961E12
104,1.574941156984E12
105,1.574941157013E12
106,1.574941157055E12
107,1.574941157082E12
108,1.574941157119E12
109,1.574941157153E12
110,1.574941157184E12
111,1.574941157208E12
112,1.57494115724E12
113,1.57494115728E12
114,1.574941157317E12
115,1.574941157366E12
116,1.57494115739E12
117,1.574941157424E12
118,1.574941157451E12
119,1.57494115748E12
120,1.574941157527E12
121,1.574941157561E12
123,1.574941157604E12
123,1.574941157629E12
124,1.574941157658E12
125,1.574941157694E12
126,1.574941157764E12
127,1.574941157793E12
128,1.574941157822E12
129,1.574941157853E12
130,1.574941157891E12
131,1.574941157927E12
132,1.574941157955E12
133,1.574941157988E12
134,1.574941158026E12
136,1.57494115807E12
136,1.574941158088E12
137,1.574941158121E12
138,1.574941158156E12
139,1.574941158191E12
140,1.574941158215E12
141,1.574941158246E12
142,1.574941158291E12
143,1.574941158321E12
144,1.574941158359E12
145,1.574941158389E12
146,1.574941158423E12
147,1.574941158452E12
148,1.57494115849E12
149,1.574941158538E12
150,1.57494115859E12
151,1.574941158631E12
152,1.57494115866E12
154,1.574941158707E12
154,1.574941158729E12
155,1.574941158754E12
156,1.574941158795E12
157,1.574941158835E12
158,1.574941158864E12
159,1.574941158904E12
160,1.574941158944E12
161,1.574941158975E12
162,1.574941159005E12
163,1.574941159043E12
164,1.574941159078E12
165,1.5749411591E12
166,1.574941159128E12
167,1.574941159168E12
168,1.574941159218E12
169,1.574941159268E12
170,1.574941159306E12
171,1.574941159343E12
172,1.574941159379E12
173,1.57494115941E12
174,1.57494115944E12
175,1.574941159463E12
176,1.574941159503E12
177,1.574941159537E12
178,1.574941159571E12
179,1.574941159602E12
180,1.574941159641E12
181,1.574941159676E12
182,1.574941159715E12
183,1.574941159751E12
184,1.574941159769E12
185,1.574941159801E12
186,1.574941159836E12
187,1.574941159879E12
188,1.574941159907E12
189,1.574941159936E12
190,1.574941159969E12
191,1.574941160004E12
192,1.574941160042E12
193,1.574941160081E12
194,1.574941160109E12
195,1.574941160145E12
196,1.574941160175E12
197,1.574941160207E12
198,1.574941160228E12
199,1.574941160264E12
201,1.574941160325E12
201,1.574941160349E12
202,1.574941160374E12
203,1.574941160417E12
204,1.57494116044E12
205,1.574941160476E12
206,1.574941160512E12
207,1.57494116054E12
208,1.574941160581E12
209,1.574941160612E12
210,1.574941160644E12
211,1.574941160677E12
212,1.574941160714E12
213,1.574941160753E12
214,1.574941160784E12
215,1.574941160805E12
216,1.574941160851E12
217,1.574941160885E12
218,1.574941160911E12
219,1.574941160938E12
220,1.574941160983E12
221,1.57494116102E12
222,1.574941161057E12
223,1.574941161084E12
224,1.574941161111E12
225,1.574941161152E12
226,1.57494116118E12
227,1.574941161214E12
228,1.574941161247E12
229,1.574941161281E12
230,1.574941161315E12
231,1.574941161354E12
232,1.574941161378E12
233,1.574941161418E12
234,1.574941161455E12
235,1.574941161481E12
236,1.574941161519E12
237,1.574941161553E12
238,1.574941161579E12
239,1.574941161608E12
240,1.574941161641E12
241,1.574941161683E12
242,1.574941161726E12
244,1.574941161772E12
244,1.574941161796E12
245,1.574941161822E12
246,1.574941161855E12
247,1.574941161893E12
248,1.574941161915E12
249,1.574941161956E12
250,1.574941161991E12
252,1.574941162036E12
252,1.574941162055E12
253,1.574941162077E12
254,1.574941162124E12
255,1.574941162202E12
256,1.574941162228E12
257,1.574941162261E12
258,1.574941162282E12
259,1.574941162321E12
261,1.574941162374E12
261,1.574941162397E12
263,1.574941162439E12
263,1.57494116246E12
264,1.574941162489E12
265,1.57494116252E12
266,1.574941162569E12
267,1.574941162597E12
268,1.574941162626E12
269,1.574941162656E12
270,1.574941162696E12
271,1.574941162733E12
272,1.574941162762E12
273,1.57494116279E12
274,1.57494116283E12
275,1.574941162853E12
276,1.574941162886E12
277,1.574941162936E12
279,1.574941162974E12
279,1.574941162992E12
280,1.574941163032E12
281,1.57494116306E12
282,1.574941163099E12
283,1.574941163132E12
284,1.574941163163E12
285,1.574941163192E12
286,1.574941163225E12
287,1.574941163268E12
288,1.574941163307E12
289,1.574941163337E12
290,1.574941163373E12
291,1.5749411634E12
292,1.574941163434E12
293,1.57494116347E12
294,1.574941163513E12
295,1.574941163538E12
296,1.574941163568E12
297,1.574941163597E12
298,1.574941163634E12
299,1.574941163671E12
300,1.574941163703E12
301,1.574941163735E12
302,1.574941163772E12
303,1.574941163811E12
304,1.57494116384E12
305,1.574941163869E12
306,1.574941163902E12
307,1.574941163931E12
308,1.574941163968E12
309,1.574941164003E12
310,1.574941164036E12
311,1.574941164071E12
312,1.574941164101E12
313,1.574941164133E12
314,1.574941164175E12
315,1.57494116419E12
316,1.574941164223E12
317,1.574941164271E12
318,1.574941164346E12
319,1.57494116438E12
320,1.574941164407E12
321,1.57494116444E12
322,1.574941164468E12
323,1.574941164499E12
324,1.574941164543E12
325,1.574941164581E12
326,1.574941164612E12
327,1.574941164636E12
328,1.574941164673E12
330,1.574941164719E12
330,1.57494116474E12
331,1.574941164768E12
332,1.574941164817E12
333,1.57494116484E12
335,1.574941164882E12
335,1.574941164908E12
336,1.574941164936E12
338,1.574941165062E12
338,1.574941165092E12
339,1.574941165115E12
340,1.574941165143E12
341,1.57494116518E12
342,1.574941165212E12
343,1.574941165242E12
344,1.574941165288E12
345,1.574941165314E12
346,1.574941165344E12
347,1.57494116538E12
348,1.574941165419E12
349,1.57494116545E12
350,1.57494116548E12
351,1.574941165521E12
352,1.574941165562E12
353,1.574941165588E12
354,1.57494116561E12
355,1.574941165643E12
357,1.574941165707E12
358,1.574941165733E12
358,1.57494116575E12
359,1.574941165767E12
360,1.574941165802E12
361,1.574941165841E12
362,1.574941165874E12
363,1.574941165907E12
364,1.574941165939E12
365,1.574941165973E12
366,1.574941166004E12
367,1.574941166042E12
368,1.574941166076E12
369,1.574941166109E12
370,1.574941166142E12
371,1.574941166175E12
372,1.574941166217E12
373,1.574941166249E12
374,1.574941166275E12
375,1.574941166306E12
376,1.574941166342E12
377,1.574941166378E12
378,1.574941166412E12
379,1.574941166442E12
380,1.574941166491E12
381,1.574941166517E12
382,1.574941166546E12
