19,1.574768038461E12
163,1.574768043173E12
194,1.57476804424E12
484,1.574768054488E12
576,1.574768057607E12
650,1.574768060237E12
725,1.574768062788E12
798,1.574768065395E12
868,1.574768067759E12
903,1.574768068946E12
932,1.57476806991E12
1013,1.574768072799E12
1079,1.574768075422E12
1135,1.574768077842E12
1188,1.574768080313E12
1221,1.574768081527E12
1249,1.574768082597E12
1396,1.574768088415E12
1425,1.574768089458E12
1458,1.574768090802E12
1527,1.574768093488E12
1558,1.574768094655E12
1595,1.574768096436E12
1619,1.574768097449E12
1641,1.574768098362E12
1698,1.574768101114E12
1755,1.574768103462E12
1781,1.574768104503E12
1817,1.574768105781E12
1841,1.574768106525E12
1910,1.574768109037E12
1946,1.57476811049E12
1972,1.57476811155E12
2052,1.574768114781E12
2095,1.574768116468E12
2152,1.574768118919E12
2208,1.574768121167E12
2258,1.574768123312E12
2306,1.574768125428E12
2356,1.574768127714E12
2406,1.574768129832E12
2443,1.574768131334E12
2464,1.574768132277E12
2521,1.574768134457E12
2572,1.574768136579E12
2621,1.574768138822E12
2673,1.574768141014E12
2725,1.574768143429E12
2773,1.574768145469E12
2802,1.574768146478E12
2846,1.574768148494E12
2903,1.574768150854E12
2959,1.574768153096E12
3022,1.57476815565E12
3071,1.574768157768E12
3115,1.57476815972E12
3166,1.57476816177E12
3212,1.574768163653E12
3259,1.574768165668E12
3306,1.574768167807E12
3334,1.574768168755E12
3402,1.574768171239E12
3466,1.574768173457E12
3524,1.57476817544E12
3580,1.574768177454E12
3637,1.574768179536E12
3696,1.574768181417E12
3754,1.57476818363E12
3819,1.574768185986E12
3874,1.574768187992E12
3936,1.57476819011E12
3994,1.574768192166E12
4058,1.574768194306E12
4120,1.574768196398E12
4180,1.574768198581E12
4451,1.574768207678E12
4484,1.574768208818E12
4539,1.574768210776E12
4594,1.574768212681E12
4649,1.574768214535E12
5421,1.574768241066E12
5452,1.574768242035E12
5505,1.574768243881E12
5555,1.574768245545E12
5581,1.574768246469E12
5638,1.574768248389E12
5686,1.574768250131E12
5734,1.574768251826E12
5789,1.574768253726E12
5840,1.574768255503E12
5896,1.574768257391E12
5947,1.574768259146E12
6000,1.574768261014E12
6053,1.574768262793E12
6107,1.574768264674E12
6157,1.574768266393E12
6207,1.574768268167E12
6251,1.574768269803E12
6296,1.574768271633E12
6335,1.574768273452E12
6407,1.574768276438E12
6456,1.574768278248E12
6477,1.574768279222E12
6536,1.574768281608E12
6658,1.574768286705E12
6687,1.574768288056E12
6738,1.574768289942E12
6762,1.574768290874E12
6784,1.574768291678E12
6825,1.574768293329E12
6854,1.574768294541E12
6886,1.574768296009E12
6955,1.574768299008E12
7001,1.574768301183E12
7043,1.574768302929E12
7083,1.574768304615E12
7122,1.574768306322E12
7142,1.574768307237E12
7165,1.574768308204E12
7206,1.574768310152E12
7229,1.574768310965E12
7268,1.574768312712E12
7298,1.57476831406E12
22,1.574768331806E12
76,1.574768333594E12
124,1.574768335366E12
174,1.574768337126E12
223,1.574768338794E12
263,1.574768340542E12
301,1.574768342189E12
334,1.574768343537E12
403,1.57476834642E12
435,1.574768347673E12
464,1.574768348872E12
501,1.574768350794E12
523,1.574768351765E12
551,1.574768352941E12
605,1.574768355259E12
649,1.574768356873E12
702,1.574768359115E12
725,1.57476836009E12
852,1.574768365889E12
903,1.574768367921E12
963,1.574768370475E12
