6,1.574766984052E12
7,1.574766984089E12
8,1.574766984118E12
9,1.574766984153E12
10,1.574766984186E12
11,1.57476698422E12
12,1.574766984254E12
13,1.574766984286E12
14,1.574766984319E12
15,1.574766984353E12
16,1.574766984387E12
17,1.574766984422E12
18,1.574766984454E12
19,1.574766984489E12
20,1.574766984526E12
21,1.574766984558E12
22,1.574766984594E12
23,1.574766984624E12
24,1.57476698466E12
25,1.574766984693E12
26,1.574766984744E12
27,1.574766984781E12
28,1.574766984815E12
29,1.574766984844E12
30,1.574766984874E12
31,1.574766984911E12
32,1.574766984948E12
33,1.574766984977E12
34,1.574766985016E12
35,1.574766985039E12
36,1.574766985084E12
37,1.574766985122E12
38,1.574766985152E12
39,1.57476698517E12
40,1.57476698521E12
41,1.574766985237E12
42,1.574766985335E12
43,1.574766985359E12
44,1.574766985453E12
45,1.574766985526E12
46,1.574766985555E12
47,1.574766985589E12
48,1.574766985642E12
49,1.574766985709E12
50,1.574766985743E12
56,1.574766985894E12
63,1.574766986135E12
64,1.574766986172E12
67,1.574766986324E12
67,1.574766986366E12
68,1.574766986394E12
69,1.57476698643E12
70,1.574766986462E12
72,1.57476698649E12
73,1.57476698652E12
74,1.57476698656E12
75,1.574766986595E12
76,1.57476698662E12
77,1.574766986659E12
78,1.574766986693E12
83,1.574766986805E12
98,1.574766987379E12
101,1.574766987501E12
102,1.57476698753E12
102,1.57476698757E12
104,1.574766987604E12
105,1.574766987636E12
127,1.574766988375E12
128,1.574766988427E12
129,1.574766988453E12
131,1.574766988497E12
132,1.574766988538E12
133,1.574766988577E12
137,1.574766988747E12
138,1.574766988785E12
145,1.574766989014E12
146,1.574766989045E12
147,1.574766989086E12
150,1.574766989189E12
153,1.574766989262E12
154,1.574766989293E12
155,1.574766989322E12
156,1.574766989357E12
157,1.574766989389E12
158,1.574766989414E12
159,1.574766989457E12
160,1.574766989496E12
161,1.574766989524E12
162,1.574766989544E12
164,1.574766989577E12
164,1.574766989617E12
165,1.574766989681E12
166,1.574766989705E12
168,1.574766989728E12
169,1.574766989759E12
169,1.574766989791E12
170,1.574766989831E12
171,1.574766989854E12
173,1.574766989885E12
173,1.574766989954E12
174,1.574766990004E12
175,1.57476699003E12
176,1.574766990089E12
177,1.574766990111E12
178,1.574766990155E12
179,1.574766990242E12
180,1.574766990266E12
181,1.574766990287E12
183,1.574766990324E12
183,1.574766990393E12
184,1.574766990417E12
185,1.57476699046E12
186,1.574766990497E12
187,1.574766990524E12
188,1.574766990555E12
189,1.574766990601E12
190,1.574766990681E12
191,1.574766990705E12
192,1.574766990729E12
194,1.574766990849E12
194,1.574766990876E12
195,1.5747669909E12
196,1.57476699093E12
197,1.57476699096E12
199,1.574766990998E12
199,1.574766991035E12
200,1.574766991069E12
201,1.574766991099E12
202,1.574766991129E12
203,1.574766991166E12
204,1.574766991199E12
205,1.57476699122E12
206,1.574766991262E12
207,1.574766991293E12
208,1.574766991334E12
209,1.57476699137E12
210,1.574766991397E12
211,1.574766991438E12
212,1.574766991465E12
213,1.574766991497E12
214,1.574766991541E12
215,1.574766991571E12
216,1.574766991605E12
217,1.574766991638E12
218,1.574766991664E12
219,1.574766991698E12
220,1.574766991727E12
221,1.574766991776E12
222,1.574766991811E12
223,1.574766991838E12
224,1.574766991874E12
225,1.574766991898E12
226,1.574766991945E12
227,1.574766992003E12
228,1.574766992051E12
229,1.574766992071E12
230,1.574766992106E12
231,1.574766992145E12
232,1.574766992169E12
233,1.574766992209E12
234,1.57476699223E12
235,1.57476699228E12
236,1.574766992313E12
237,1.574766992337E12
238,1.574766992373E12
239,1.574766992404E12
240,1.574766992443E12
241,1.574766992476E12
242,1.574766992506E12
243,1.57476699254E12
244,1.574766992572E12
246,1.574766992614E12
247,1.57476699265E12
249,1.574766992707E12
253,1.574766992846E12
254,1.574766992877E12
255,1.574766992908E12
285,1.574766993991E12
285,1.574766994025E12
286,1.574766994053E12
287,1.574766994088E12
288,1.57476699412E12
289,1.574766994156E12
290,1.574766994192E12
291,1.574766994226E12
292,1.574766994247E12
293,1.57476699429E12
294,1.574766994318E12
295,1.574766994351E12
296,1.574766994387E12
297,1.574766994423E12
298,1.574766994459E12
299,1.574766994488E12
300,1.574766994525E12
301,1.574766994552E12
302,1.574766994585E12
303,1.574766994623E12
304,1.574766994661E12
305,1.57476699469E12
306,1.574766994724E12
307,1.574766994749E12
308,1.574766994794E12
309,1.574766994829E12
310,1.574766994851E12
311,1.574766994897E12
313,1.574766994934E12
313,1.574766994956E12
314,1.574766994999E12
316,1.574766995038E12
316,1.574766995074E12
317,1.574766995104E12
318,1.574766995129E12
319,1.574766995168E12
320,1.574766995191E12
321,1.574766995235E12
322,1.574766995262E12
323,1.574766995303E12
324,1.574766995327E12
325,1.574766995363E12
326,1.574766995401E12
327,1.574766995425E12
328,1.574766995468E12
329,1.574766995494E12
330,1.574766995541E12
332,1.574766995574E12
333,1.574766995595E12
335,1.574766995634E12
336,1.574766995696E12
363,1.574766996637E12
363,1.574766996687E12
364,1.574766996709E12
367,1.574766996752E12
367,1.574766996773E12
424,1.574766998716E12
425,1.574766998794E12
426,1.574766998823E12
427,1.574766998863E12
428,1.574766998892E12
429,1.574766998924E12
430,1.574766998947E12
431,1.574766998985E12
432,1.57476699902E12
433,1.574766999087E12
434,1.574766999116E12
435,1.57476699914E12
437,1.574766999195E12
438,1.574766999232E12
439,1.574766999258E12
439,1.574766999291E12
440,1.57476699933E12
441,1.574766999365E12
442,1.574766999449E12
443,1.574766999473E12
444,1.5747669995E12
445,1.574766999524E12
446,1.57476699956E12
447,1.574766999597E12
449,1.574766999629E12
449,1.574766999665E12
450,1.574766999698E12
451,1.574766999737E12
452,1.574766999769E12
453,1.574766999801E12
454,1.574766999846E12
455,1.574766999871E12
456,1.574766999905E12
457,1.574766999928E12
458,1.574766999953E12
459,1.57476699999E12
460,1.574767000029E12
461,1.574767000066E12
462,1.5747670001E12
463,1.574767000142E12
464,1.574767000168E12
465,1.574767000212E12
466,1.574767000236E12
467,1.574767000264E12
468,1.574767000296E12
469,1.574767000335E12
470,1.574767000391E12
471,1.574767000418E12
472,1.57476700044E12
473,1.574767000473E12
475,1.574767000491E12
476,1.574767000528E12
476,1.57476700057E12
477,1.574767000604E12
478,1.574767000667E12
479,1.57476700072E12
480,1.574767000741E12
481,1.574767000773E12
482,1.5747670008E12
484,1.574767000836E12
484,1.574767000881E12
485,1.574767000911E12
486,1.574767000959E12
487,1.574767000986E12
488,1.574767001011E12
489,1.574767001041E12
491,1.574767001066E12
492,1.574767001108E12
492,1.574767001142E12
493,1.574767001178E12
494,1.574767001211E12
495,1.574767001245E12
496,1.574767001281E12
497,1.574767001305E12
498,1.574767001342E12
499,1.574767001375E12
500,1.574767001409E12
501,1.574767001493E12
502,1.574767001516E12
503,1.574767001536E12
504,1.574767001572E12
505,1.574767001606E12
506,1.574767001642E12
507,1.574767001679E12
508,1.574767001706E12
509,1.574767001749E12
510,1.574767001776E12
511,1.574767001815E12
512,1.574767001858E12
513,1.57476700189E12
514,1.574767001922E12
515,1.574767001992E12
516,1.574767002025E12
517,1.574767002055E12
518,1.574767002089E12
519,1.574767002118E12
520,1.574767002162E12
521,1.574767002191E12
522,1.574767002214E12
523,1.574767002248E12
524,1.574767002275E12
525,1.574767002316E12
526,1.574767002349E12
527,1.574767002386E12
528,1.574767002424E12
529,1.574767002451E12
530,1.574767002476E12
531,1.57476700251E12
532,1.574767002545E12
533,1.574767002588E12
534,1.574767002612E12
535,1.574767002645E12
536,1.574767002693E12
537,1.574767002723E12
538,1.574767002813E12
539,1.57476700284E12
540,1.574767002861E12
541,1.57476700288E12
543,1.574767002913E12
544,1.574767002957E12
545,1.574767002992E12
545,1.574767003022E12
546,1.574767003052E12
547,1.574767003095E12
548,1.57476700313E12
549,1.57476700315E12
550,1.57476700318E12
551,1.574767003221E12
553,1.574767003254E12
553,1.574767003294E12
554,1.57476700332E12
555,1.574767003353E12
556,1.574767003389E12
557,1.574767003425E12
558,1.574767003465E12
559,1.574767003486E12
560,1.574767003531E12
561,1.574767003549E12
562,1.574767003589E12
563,1.574767003626E12
565,1.574767003664E12
565,1.57476700369E12
566,1.574767003772E12
567,1.57476700383E12
568,1.574767003869E12
569,1.574767003899E12
570,1.574767003932E12
571,1.574767003964E12
572,1.574767003998E12
573,1.574767004038E12
574,1.574767004068E12
575,1.574767004105E12
576,1.57476700413E12
577,1.574767004154E12
578,1.574767004189E12
579,1.574767004234E12
580,1.574767004267E12
581,1.574767004289E12
582,1.574767004331E12
583,1.574767004374E12
584,1.574767004398E12
585,1.574767004478E12
586,1.574767004508E12
587,1.574767004545E12
588,1.574767004569E12
589,1.574767004593E12
590,1.574767004636E12
591,1.574767004677E12
592,1.574767004701E12
593,1.574767004736E12
594,1.574767004776E12
595,1.574767004806E12
596,1.574767004837E12
597,1.574767004884E12
598,1.57476700491E12
599,1.574767004936E12
600,1.574767004966E12
602,1.574767005002E12
602,1.574767005033E12
603,1.574767005066E12
604,1.574767005108E12
605,1.574767005144E12
606,1.574767005164E12
607,1.574767005198E12
608,1.574767005235E12
610,1.574767005286E12
610,1.574767005318E12
611,1.574767005346E12
612,1.574767005374E12
613,1.574767005465E12
614,1.574767005491E12
615,1.574767005515E12
616,1.574767005544E12
618,1.574767005571E12
619,1.574767005602E12
619,1.574767005648E12
620,1.574767005673E12
621,1.574767005715E12
622,1.574767005749E12
623,1.574767005782E12
624,1.574767005818E12
625,1.574767005839E12
626,1.574767005866E12
627,1.574767005901E12
629,1.574767005947E12
629,1.57476700598E12
630,1.574767006015E12
631,1.574767006049E12
632,1.574767006123E12
633,1.574767006155E12
634,1.57476700618E12
635,1.574767006213E12
636,1.574767006239E12
638,1.574767006292E12
638,1.574767006318E12
639,1.574767006354E12
640,1.574767006377E12
642,1.574767006407E12
642,1.574767006447E12
643,1.574767006479E12
644,1.57476700651E12
645,1.574767006592E12
646,1.574767006612E12
647,1.574767006654E12
648,1.574767006689E12
650,1.574767006715E12
650,1.574767006746E12
651,1.574767006784E12
652,1.574767006815E12
653,1.574767006894E12
654,1.574767006922E12
655,1.574767006962E12
656,1.574767006993E12
658,1.574767007024E12
664,1.574767007222E12
665,1.574767007258E12
666,1.574767007289E12
668,1.574767007383E12
669,1.574767007425E12
670,1.574767007459E12
671,1.574767007485E12
672,1.574767007553E12
673,1.574767007593E12
674,1.574767007623E12
675,1.574767007653E12
676,1.574767007694E12
677,1.574767007724E12
678,1.574767007748E12
679,1.574767007796E12
680,1.574767007825E12
681,1.574767007861E12
682,1.574767007896E12
683,1.574767007932E12
684,1.574767007965E12
685,1.574767007995E12
686,1.574767008032E12
687,1.574767008068E12
688,1.574767008091E12
689,1.574767008119E12
690,1.574767008156E12
691,1.574767008185E12
692,1.57476700823E12
693,1.574767008255E12
694,1.5747670083E12
695,1.574767008333E12
707,1.574767008799E12
707,1.574767008853E12
708,1.574767008881E12
709,1.574767008906E12
710,1.574767008941E12
712,1.57476700902E12
713,1.574767009048E12
713,1.574767009069E12
714,1.574767009088E12
716,1.574767009133E12
717,1.574767009163E12
717,1.574767009193E12
718,1.574767009228E12
719,1.574767009259E12
720,1.574767009303E12
721,1.574767009331E12
722,1.574767009368E12
723,1.574767009408E12
724,1.574767009429E12
725,1.57476700947E12
726,1.574767009508E12
727,1.574767009533E12
728,1.574767009566E12
729,1.574767009602E12
730,1.574767009635E12
731,1.574767009671E12
732,1.574767009693E12
733,1.574767009732E12
734,1.574767009775E12
735,1.574767009812E12
736,1.574767009841E12
737,1.574767009878E12
738,1.574767009914E12
739,1.574767009945E12
740,1.574767009975E12
741,1.574767010024E12
742,1.574767010047E12
743,1.574767010077E12
744,1.574767010114E12
745,1.574767010145E12
746,1.574767010169E12
747,1.574767010202E12
748,1.574767010244E12
749,1.574767010333E12
750,1.574767010359E12
751,1.574767010384E12
752,1.574767010408E12
754,1.574767010444E12
754,1.574767010481E12
755,1.57476701052E12
756,1.57476701054E12
757,1.574767010579E12
758,1.574767010611E12
760,1.57476701065E12
760,1.574767010679E12
761,1.574767010716E12
762,1.574767010748E12
763,1.574767010823E12
764,1.57476701086E12
765,1.574767010889E12
766,1.574767010917E12
767,1.574767010937E12
768,1.574767010974E12
769,1.574767011015E12
770,1.574767011049E12
771,1.574767011078E12
772,1.574767011116E12
773,1.574767011149E12
774,1.574767011185E12
775,1.57476701121E12
776,1.574767011243E12
777,1.574767011326E12
778,1.574767011354E12
779,1.574767011394E12
780,1.574767011422E12
781,1.574767011452E12
782,1.574767011488E12
783,1.574767011522E12
784,1.574767011549E12
785,1.574767011588E12
786,1.574767011616E12
787,1.574767011655E12
788,1.574767011692E12
789,1.574767011718E12
790,1.574767011758E12
791,1.574767011795E12
792,1.574767011825E12
793,1.57476701185E12
794,1.574767011891E12
795,1.574767011912E12
796,1.574767011961E12
797,1.57476701199E12
799,1.574767012023E12
799,1.57476701206E12
800,1.574767012094E12
801,1.574767012126E12
802,1.574767012196E12
803,1.574767012234E12
804,1.574767012267E12
805,1.574767012294E12
806,1.574767012315E12
807,1.574767012357E12
808,1.574767012397E12
809,1.574767012427E12
810,1.574767012459E12
811,1.574767012488E12
812,1.574767012521E12
813,1.574767012605E12
814,1.574767012638E12
815,1.57476701267E12
816,1.574767012698E12
817,1.574767012736E12
818,1.574767012768E12
819,1.5747670128E12
820,1.574767012825E12
821,1.574767012859E12
822,1.574767012892E12
823,1.574767012926E12
824,1.574767012959E12
825,1.574767012998E12
826,1.574767013038E12
827,1.57476701307E12
828,1.5747670131E12
829,1.574767013136E12
830,1.574767013171E12
831,1.574767013206E12
832,1.574767013225E12
833,1.574767013252E12
834,1.574767013292E12
836,1.57476701333E12
836,1.574767013363E12
837,1.57476701339E12
838,1.574767013426E12
839,1.57476701346E12
840,1.574767013497E12
841,1.574767013547E12
842,1.57476701357E12
843,1.574767013613E12
844,1.574767013636E12
845,1.574767013665E12
846,1.574767013687E12
847,1.574767013732E12
848,1.574767013773E12
849,1.574767013801E12
850,1.574767013844E12
851,1.574767013888E12
852,1.574767013911E12
853,1.57476701397E12
854,1.574767014011E12
856,1.574767014034E12
856,1.574767014134E12
857,1.574767014182E12
858,1.574767014216E12
859,1.57476701424E12
863,1.574767014307E12
863,1.574767014333E12
864,1.574767014367E12
865,1.574767014403E12
866,1.574767014437E12
867,1.574767014484E12
868,1.574767014513E12
869,1.574767014553E12
870,1.574767014574E12
871,1.574767014602E12
873,1.574767014647E12
873,1.574767014672E12
874,1.574767014698E12
875,1.57476701474E12
876,1.57476701478E12
877,1.57476701481E12
878,1.574767014847E12
879,1.574767014884E12
880,1.574767014909E12
881,1.574767014945E12
882,1.574767014978E12
883,1.574767015021E12
884,1.574767015056E12
885,1.574767015083E12
886,1.574767015114E12
888,1.574767015147E12
888,1.574767015175E12
889,1.574767015213E12
890,1.574767015244E12
891,1.574767015306E12
892,1.574767015331E12
893,1.574767015351E12
895,1.574767015397E12
896,1.574767015432E12
897,1.574767015476E12
897,1.574767015504E12
898,1.574767015531E12
899,1.574767015566E12
900,1.574767015606E12
901,1.574767015642E12
902,1.574767015664E12
903,1.574767015697E12
904,1.574767015739E12
905,1.574767015778E12
906,1.574767015808E12
907,1.574767015835E12
908,1.574767015873E12
909,1.574767015906E12
910,1.574767015938E12
911,1.574767015972E12
912,1.574767016015E12
913,1.574767016044E12
914,1.574767016071E12
915,1.574767016113E12
916,1.574767016143E12
917,1.574767016182E12
918,1.574767016215E12
919,1.57476701624E12
920,1.574767016282E12
921,1.574767016314E12
922,1.574767016348E12
923,1.574767016372E12
924,1.574767016429E12
925,1.574767016448E12
926,1.574767016478E12
927,1.574767016504E12
929,1.574767016549E12
929,1.574767016585E12
930,1.574767016616E12
931,1.574767016645E12
932,1.574767016685E12
933,1.57476701671E12
934,1.574767016752E12
935,1.574767016786E12
936,1.574767016817E12
937,1.574767016856E12
938,1.574767016878E12
939,1.574767016922E12
940,1.574767016946E12
941,1.574767016983E12
942,1.574767017008E12
943,1.574767017043E12
944,1.574767017079E12
945,1.574767017111E12
946,1.574767017144E12
947,1.574767017178E12
948,1.574767017221E12
949,1.574767017245E12
950,1.574767017282E12
951,1.574767017315E12
952,1.574767017349E12
953,1.57476701738E12
954,1.574767017417E12
955,1.57476701745E12
956,1.574767017487E12
957,1.574767017521E12
958,1.574767017551E12
959,1.574767017592E12
960,1.574767017616E12
961,1.574767017657E12
962,1.574767017685E12
963,1.574767017722E12
964,1.574767017758E12
965,1.574767017785E12
966,1.574767017811E12
967,1.574767017862E12
968,1.574767017891E12
969,1.574767017962E12
970,1.574767017986E12
971,1.574767018036E12
972,1.574767018055E12
973,1.574767018091E12
974,1.574767018118E12
976,1.574767018153E12
976,1.574767018189E12
977,1.57476701822E12
978,1.574767018256E12
979,1.574767018292E12
980,1.574767018329E12
981,1.574767018354E12
982,1.574767018389E12
983,1.574767018431E12
984,1.574767018465E12
985,1.574767018489E12
986,1.574767018528E12
987,1.574767018562E12
988,1.574767018586E12
989,1.574767018619E12
990,1.574767018657E12
991,1.574767018693E12
992,1.574767018727E12
993,1.574767018758E12
994,1.574767018799E12
995,1.574767018837E12
996,1.574767018869E12
997,1.574767018891E12
998,1.574767018927E12
999,1.574767018968E12
1000,1.574767019E12
1001,1.57476701907E12
1002,1.574767019103E12
1003,1.574767019126E12
1004,1.57476701916E12
1005,1.574767019196E12
1006,1.574767019228E12
1007,1.574767019261E12
1008,1.574767019298E12
1009,1.574767019337E12
1010,1.574767019372E12
1011,1.574767019397E12
1012,1.574767019431E12
1013,1.574767019464E12
1014,1.574767019505E12
1015,1.574767019539E12
1016,1.574767019568E12
1017,1.574767019597E12
1018,1.574767019702E12
1019,1.574767019718E12
1020,1.574767019733E12
1021,1.57476701976E12
1023,1.574767019798E12
1023,1.574767019834E12
1024,1.574767019874E12
1025,1.574767019909E12
1026,1.574767019935E12
1027,1.574767019982E12
1028,1.574767019998E12
1029,1.57476702004E12
1030,1.574767020063E12
1031,1.574767020099E12
1032,1.574767020132E12
1033,1.574767020165E12
1034,1.574767020248E12
1035,1.574767020276E12
1036,1.574767020309E12
1037,1.574767020338E12
1038,1.574767020366E12
1039,1.574767020401E12
1040,1.574767020436E12
1041,1.574767020474E12
1042,1.574767020518E12
1043,1.574767020537E12
