0,0.0
1,1.574766872675E12
2,1.574766872705E12
3,1.574766872742E12
4,1.574766872776E12
5,1.57476687281E12
6,1.574766872843E12
7,1.574766872876E12
8,1.57476687291E12
9,1.574766872945E12
10,1.574766872979E12
11,1.574766873012E12
12,1.574766873045E12
13,1.574766873078E12
14,1.574766873112E12
15,1.574766873145E12
16,1.574766873179E12
17,1.574766873212E12
18,1.574766873246E12
19,1.574766873279E12
20,1.574766873316E12
21,1.574766873347E12
22,1.57476687338E12
23,1.574766873414E12
24,1.574766873447E12
25,1.574766873481E12
26,1.574766873516E12
27,1.57476687355E12
28,1.57476687359E12
29,1.574766873623E12
30,1.574766873671E12
31,1.574766873717E12
32,1.57476687376E12
33,1.5747668738E12
34,1.57476687384E12
35,1.574766873866E12
36,1.574766873914E12
37,1.574766873936E12
38,1.574766873965E12
39,1.574766874002E12
40,1.574766874033E12
41,1.574766874062E12
42,1.574766874108E12
43,1.574766874137E12
44,1.574766874174E12
45,1.57476687421E12
46,1.574766874242E12
47,1.574766874281E12
48,1.574766874306E12
49,1.574766874343E12
50,1.574766874371E12
51,1.574766874402E12
52,1.574766874439E12
53,1.57476687447E12
54,1.574766874507E12
55,1.574766874531E12
56,1.574766874557E12
57,1.574766874599E12
58,1.574766874629E12
59,1.574766874668E12
60,1.574766874702E12
61,1.574766874739E12
62,1.574766874773E12
63,1.57476687481E12
64,1.574766874847E12
65,1.574766874883E12
66,1.574766874908E12
67,1.574766874941E12
68,1.574766874964E12
69,1.574766874999E12
70,1.57476687504E12
71,1.574766875069E12
72,1.574766875107E12
73,1.574766875151E12
74,1.574766875184E12
75,1.574766875208E12
76,1.574766875251E12
77,1.574766875284E12
78,1.574766875308E12
79,1.574766875343E12
80,1.57476687537E12
81,1.574766875418E12
82,1.574766875453E12
83,1.574766875482E12
84,1.57476687552E12
85,1.574766875552E12
86,1.574766875578E12
87,1.574766875604E12
88,1.574766875639E12
89,1.574766875667E12
90,1.574766875701E12
91,1.574766875736E12
92,1.57476687577E12
93,1.574766875803E12
94,1.574766875837E12
95,1.574766875872E12
96,1.57476687591E12
97,1.574766875946E12
98,1.574766875979E12
99,1.574766876008E12
100,1.574766876037E12
101,1.574766876072E12
102,1.574766876106E12
103,1.574766876141E12
104,1.574766876173E12
105,1.574766876207E12
106,1.574766876247E12
107,1.574766876278E12
0,0.0
1,1.574766909225E12
2,1.574766909257E12
3,1.574766909293E12
4,1.574766909327E12
5,1.574766909362E12
6,1.574766909395E12
7,1.574766909428E12
8,1.574766909462E12
9,1.574766909495E12
10,1.574766909534E12
11,1.574766909562E12
12,1.574766909596E12
13,1.574766909629E12
14,1.574766909664E12
15,1.574766909697E12
16,1.574766909731E12
17,1.574766909763E12
18,1.574766909798E12
19,1.574766909831E12
20,1.574766909865E12
21,1.574766909931E12
22,1.574766909998E12
23,1.574766910143E12
24,1.574766910178E12
25,1.574766910213E12
26,1.574766910244E12
27,1.574766910273E12
28,1.574766910313E12
29,1.574766910339E12
30,1.574766910376E12
31,1.574766910409E12
32,1.574766910448E12
33,1.57476691048E12
34,1.574766910568E12
35,1.574766910591E12
36,1.574766910612E12
37,1.574766910645E12
38,1.574766910683E12
39,1.574766910715E12
41,1.574766910791E12
41,1.574766910791E12
42,1.574766910816E12
43,1.574766910847E12
44,1.574766910894E12
45,1.574766910922E12
46,1.574766910948E12
47,1.57476691098E12
48,1.574766911018E12
49,1.574766911078E12
50,1.574766911119E12
51,1.574766911152E12
52,1.57476691118E12
53,1.574766911213E12
54,1.574766911246E12
55,1.574766911292E12
56,1.574766911312E12
57,1.574766911353E12
58,1.57476691139E12
59,1.574766911415E12
60,1.574766911458E12
61,1.574766911482E12
62,1.574766911594E12
63,1.574766911624E12
64,1.57476691165E12
65,1.574766911682E12
66,1.574766911716E12
67,1.574766911748E12
68,1.574766911784E12
69,1.574766911826E12
70,1.574766911851E12
71,1.574766911891E12
72,1.574766911917E12
73,1.574766911956E12
74,1.574766911983E12
75,1.574766912028E12
76,1.574766912053E12
77,1.574766912093E12
78,1.574766912124E12
79,1.57476691216E12
80,1.574766912187E12
81,1.574766912227E12
82,1.57476691226E12
83,1.574766912327E12
84,1.574766912356E12
85,1.574766912388E12
86,1.574766912422E12
87,1.574766912455E12
88,1.57476691249E12
89,1.574766912522E12
90,1.574766912558E12
91,1.574766912593E12
92,1.574766912623E12
93,1.574766912667E12
94,1.574766912689E12
95,1.574766912725E12
96,1.574766912758E12
97,1.574766912791E12
98,1.574766912825E12
99,1.574766912864E12
100,1.574766912894E12
101,1.574766912926E12
102,1.574766912962E12
103,1.574766912991E12
104,1.574766913027E12
105,1.574766913063E12
106,1.574766913092E12
107,1.574766913126E12
108,1.57476691316E12
109,1.574766913198E12
110,1.574766913229E12
111,1.574766913262E12
112,1.574766913296E12
113,1.574766913328E12
114,1.574766913364E12
115,1.574766913395E12
116,1.574766913429E12
117,1.574766913469E12
118,1.574766913497E12
119,1.57476691353E12
120,1.574766913564E12
121,1.574766913597E12
122,1.574766913634E12
123,1.574766913665E12
124,1.574766913698E12
125,1.574766913732E12
126,1.574766913764E12
127,1.574766913799E12
128,1.57476691383E12
129,1.574766913865E12
130,1.574766913904E12
131,1.574766913933E12
132,1.574766913968E12
133,1.57476691401E12
134,1.574766914034E12
135,1.574766914067E12
136,1.574766914102E12
137,1.574766914136E12
138,1.574766914167E12
139,1.574766914201E12
140,1.574766914236E12
141,1.57476691427E12
142,1.574766914306E12
143,1.574766914335E12
144,1.574766914372E12
145,1.574766914405E12
146,1.574766914437E12
147,1.57476691448E12
148,1.574766914504E12
149,1.574766914546E12
150,1.574766914581E12
151,1.574766914605E12
152,1.574766914643E12
153,1.574766914672E12
154,1.574766914706E12
155,1.57476691474E12
156,1.574766914826E12
157,1.574766914849E12
158,1.574766914871E12
159,1.574766914909E12
160,1.574766914941E12
161,1.574766914982E12
162,1.574766915008E12
163,1.574766915048E12
164,1.574766915074E12
165,1.574766915124E12
166,1.574766915144E12
167,1.574766915183E12
168,1.574766915209E12
169,1.574766915277E12
170,1.574766915347E12
171,1.574766915387E12
172,1.574766915411E12
173,1.574766915453E12
174,1.574766915485E12
175,1.57476691553E12
176,1.574766915551E12
177,1.574766915593E12
178,1.574766915621E12
179,1.574766915652E12
180,1.574766915698E12
181,1.574766915726E12
182,1.574766915763E12
183,1.574766915796E12
184,1.574766915823E12
185,1.574766915856E12
187,1.574766915922E12
187,1.574766915922E12
188,1.574766915953E12
189,1.574766915983E12
190,1.574766916022E12
191,1.574766916058E12
192,1.574766916086E12
193,1.574766916121E12
194,1.574766916151E12
195,1.574766916187E12
196,1.574766916229E12
197,1.574766916262E12
199,1.574766916323E12
199,1.574766916323E12
200,1.574766916353E12
201,1.574766916394E12
202,1.574766916428E12
203,1.574766916457E12
204,1.574766916493E12
205,1.574766916525E12
207,1.574766916636E12
207,1.574766916636E12
208,1.574766916661E12
209,1.574766916702E12
210,1.574766916726E12
211,1.574766916767E12
212,1.574766916796E12
213,1.574766916829E12
214,1.574766916867E12
215,1.574766916903E12
216,1.574766916934E12
217,1.574766916967E12
218,1.574766916996E12
219,1.574766917031E12
220,1.574766917065E12
221,1.574766917096E12
222,1.574766917132E12
223,1.574766917169E12
224,1.574766917199E12
225,1.574766917236E12
226,1.574766917272E12
227,1.574766917308E12
228,1.574766917335E12
229,1.574766917367E12
230,1.574766917404E12
231,1.574766917433E12
232,1.574766917467E12
233,1.574766917514E12
234,1.574766917541E12
235,1.574766917575E12
236,1.574766917602E12
237,1.574766917635E12
238,1.574766917672E12
239,1.574766917709E12
240,1.574766917741E12
241,1.574766917774E12
242,1.5747669178E12
244,1.574766917911E12
245,1.574766917931E12
245,1.574766917931E12
246,1.574766917974E12
247,1.574766918006E12
248,1.574766918039E12
250,1.574766918115E12
251,1.574766918138E12
251,1.574766918138E12
252,1.574766918182E12
253,1.574766918214E12
254,1.57476691824E12
255,1.574766918281E12
256,1.574766918314E12
257,1.574766918349E12
258,1.574766918375E12
259,1.57476691841E12
260,1.574766918443E12
261,1.574766918481E12
262,1.574766918515E12
263,1.574766918552E12
264,1.574766918581E12
265,1.574766918622E12
266,1.574766918652E12
267,1.574766918674E12
268,1.574766918713E12
269,1.574766918846E12
270,1.574766918914E12
271,1.574766918957E12
272,1.574766919012E12
273,1.574766919075E12
274,1.574766919137E12
275,1.574766919196E12
276,1.57476691926E12
277,1.574766919323E12
278,1.574766919379E12
279,1.574766919502E12
280,1.574766919559E12
281,1.574766919631E12
282,1.57476691968E12
283,1.574766919737E12
284,1.574766919797E12
285,1.574766919865E12
286,1.574766919923E12
287,1.574766919986E12
288,1.574766920035E12
289,1.574766920094E12
290,1.574766920169E12
291,1.574766920235E12
292,1.574766920284E12
293,1.574766920348E12
294,1.574766920406E12
295,1.574766920471E12
296,1.574766920531E12
297,1.574766920594E12
298,1.574766920648E12
299,1.574766920711E12
300,1.574766920768E12
301,1.574766920829E12
302,1.574766920887E12
303,1.574766920952E12
304,1.574766921003E12
305,1.574766921073E12
306,1.574766921132E12
307,1.574766921189E12
308,1.57476692125E12
309,1.574766921314E12
310,1.574766921371E12
311,1.574766921425E12
312,1.574766921493E12
313,1.57476692156E12
314,1.574766921606E12
315,1.574766921673E12
316,1.574766921727E12
317,1.574766921796E12
318,1.574766921855E12
319,1.57476692191E12
320,1.574766921977E12
321,1.574766922035E12
322,1.574766922088E12
323,1.574766922162E12
324,1.574766922215E12
325,1.574766922273E12
326,1.574766922341E12
327,1.574766922392E12
328,1.574766922457E12
329,1.574766922518E12
330,1.574766922578E12
331,1.574766922644E12
332,1.574766922698E12
333,1.574766922758E12
334,1.574766922817E12
335,1.574766922877E12
336,1.574766922937E12
337,1.574766922993E12
338,1.574766923057E12
339,1.574766923121E12
340,1.574766923179E12
341,1.574766923241E12
342,1.574766923303E12
343,1.57476692336E12
344,1.574766923415E12
345,1.574766923481E12
346,1.574766923544E12
347,1.574766923609E12
348,1.574766923675E12
349,1.574766923715E12
350,1.574766923775E12
351,1.574766923846E12
352,1.574766923905E12
353,1.574766923973E12
354,1.574766924018E12
355,1.574766924078E12
356,1.574766924142E12
357,1.574766924212E12
358,1.574766924265E12
359,1.574766924317E12
360,1.574766924382E12
361,1.574766924442E12
362,1.574766924496E12
363,1.574766924575E12
364,1.574766924628E12
365,1.574766924677E12
366,1.574766924743E12
367,1.574766924801E12
368,1.574766924862E12
369,1.574766924922E12
370,1.574766924993E12
371,1.574766925051E12
372,1.574766925111E12
373,1.574766925173E12
374,1.574766925219E12
375,1.574766925284E12
376,1.574766925347E12
377,1.574766925411E12
378,1.574766925472E12
379,1.574766925536E12
380,1.574766925593E12
381,1.574766925654E12
382,1.574766925708E12
383,1.574766925777E12
384,1.574766925823E12
385,1.574766925884E12
386,1.574766925956E12
387,1.574766926016E12
388,1.574766926069E12
389,1.57476692614E12
390,1.574766926198E12
391,1.574766926256E12
392,1.574766926322E12
393,1.574766926383E12
394,1.574766926431E12
395,1.574766926498E12
396,1.57476692656E12
397,1.574766926615E12
398,1.574766926674E12
399,1.574766926731E12
400,1.574766926801E12
401,1.574766926857E12
402,1.574766926918E12
403,1.574766926984E12
404,1.574766927032E12
405,1.574766927096E12
406,1.574766927158E12
407,1.574766927219E12
408,1.574766927281E12
409,1.574766927339E12
410,1.574766927397E12
411,1.57476692746E12
412,1.574766927513E12
413,1.574766927578E12
414,1.574766927634E12
415,1.574766927701E12
416,1.574766927765E12
417,1.574766927826E12
418,1.574766927886E12
419,1.574766927945E12
420,1.574766928005E12
421,1.574766928067E12
422,1.574766928128E12
423,1.574766928183E12
424,1.574766928239E12
425,1.574766928308E12
426,1.574766928359E12
427,1.574766928421E12
428,1.574766928477E12
429,1.574766928541E12
430,1.57476692861E12
431,1.574766928675E12
432,1.574766928731E12
433,1.574766928781E12
434,1.574766928841E12
435,1.57476692891E12
436,1.574766929033E12
437,1.574766929097E12
438,1.574766929152E12
439,1.574766929211E12
440,1.574766929277E12
441,1.574766929331E12
442,1.574766929402E12
443,1.574766929446E12
444,1.574766929516E12
445,1.574766929577E12
446,1.574766929633E12
447,1.574766929693E12
448,1.574766929749E12
449,1.574766929809E12
450,1.574766929872E12
451,1.574766929933E12
452,1.57476693E12
453,1.574766930047E12
454,1.574766930111E12
455,1.574766930178E12
456,1.574766930228E12
457,1.574766930286E12
458,1.574766930347E12
459,1.574766930409E12
460,1.574766930478E12
461,1.574766930536E12
462,1.574766930596E12
463,1.574766930654E12
464,1.574766930714E12
465,1.574766930778E12
466,1.574766930832E12
467,1.574766930901E12
468,1.574766930953E12
469,1.574766931016E12
470,1.574766931081E12
471,1.574766931131E12
472,1.574766931193E12
473,1.574766931254E12
474,1.574766931316E12
475,1.574766931382E12
476,1.574766931444E12
477,1.574766931496E12
478,1.574766931558E12
479,1.574766931617E12
480,1.57476693169E12
481,1.574766931742E12
482,1.57476693181E12
483,1.574766931853E12
484,1.574766931913E12
485,1.574766931977E12
486,1.57476693204E12
487,1.574766932101E12
488,1.574766932166E12
489,1.574766932229E12
490,1.574766932291E12
491,1.574766932341E12
492,1.574766932403E12
493,1.574766932456E12
494,1.574766932523E12
495,1.574766932592E12
496,1.574766932645E12
497,1.574766932696E12
498,1.574766932768E12
499,1.574766932829E12
500,1.574766932889E12
501,1.574766932937E12
502,1.574766933015E12
503,1.574766933063E12
504,1.57476693313E12
505,1.574766933178E12
506,1.574766933252E12
507,1.574766933314E12
508,1.574766933373E12
509,1.574766933427E12
510,1.574766933493E12
511,1.574766933548E12
512,1.574766933667E12
513,1.574766933723E12
514,1.574766933784E12
515,1.574766933842E12
516,1.574766933902E12
517,1.574766933966E12
518,1.574766934024E12
519,1.574766934089E12
520,1.574766934148E12
521,1.574766934213E12
522,1.574766934271E12
523,1.574766934328E12
524,1.574766934396E12
525,1.574766934451E12
526,1.574766934511E12
527,1.574766934579E12
528,1.574766934636E12
529,1.574766934696E12
530,1.574766934751E12
531,1.574766934815E12
532,1.574766934871E12
533,1.574766934935E12
534,1.574766934995E12
535,1.574766935057E12
536,1.574766935114E12
537,1.574766935176E12
538,1.574766935235E12
539,1.574766935297E12
540,1.574766935362E12
541,1.574766935426E12
542,1.574766935484E12
543,1.574766935528E12
544,1.574766935594E12
545,1.574766935655E12
546,1.574766935718E12
547,1.574766935778E12
548,1.574766935841E12
549,1.574766935905E12
550,1.574766935961E12
551,1.574766936015E12
552,1.574766936073E12
553,1.574766936135E12
554,1.574766936204E12
555,1.574766936264E12
556,1.574766936324E12
557,1.574766936379E12
558,1.574766936438E12
559,1.574766936502E12
560,1.574766936559E12
561,1.574766936627E12
562,1.57476693667E12
563,1.574766936743E12
564,1.574766936871E12
565,1.574766936935E12
566,1.574766936988E12
567,1.574766937051E12
568,1.574766937111E12
569,1.57476693716E12
570,1.574766937238E12
571,1.574766937284E12
572,1.574766937337E12
573,1.574766937407E12
574,1.574766937466E12
575,1.574766937531E12
576,1.574766937583E12
577,1.574766937644E12
578,1.574766937707E12
579,1.574766937836E12
580,1.574766937888E12
581,1.574766937948E12
582,1.574766938006E12
583,1.57476693807E12
584,1.574766938126E12
585,1.574766938187E12
586,1.574766938251E12
587,1.574766938316E12
588,1.574766938367E12
589,1.574766938435E12
590,1.574766938487E12
591,1.57476693855E12
592,1.574766938607E12
593,1.574766938672E12
594,1.574766938729E12
595,1.574766938789E12
596,1.574766938852E12
597,1.574766938915E12
598,1.574766938969E12
599,1.574766939033E12
600,1.574766939089E12
601,1.574766939159E12
602,1.574766939224E12
603,1.574766939271E12
604,1.574766939334E12
605,1.574766939403E12
606,1.574766939458E12
607,1.574766939518E12
608,1.574766939583E12
609,1.574766939632E12
610,1.574766939689E12
611,1.574766939755E12
612,1.574766939818E12
613,1.574766939878E12
614,1.574766939941E12
615,1.574766940004E12
616,1.574766940063E12
617,1.574766940128E12
618,1.574766940177E12
619,1.574766940244E12
620,1.574766940292E12
621,1.574766940353E12
622,1.574766940417E12
623,1.574766940488E12
624,1.574766940546E12
625,1.574766940599E12
626,1.574766940666E12
627,1.574766940725E12
628,1.574766940785E12
629,1.574766940845E12
630,1.574766940893E12
631,1.574766940961E12
632,1.574766941032E12
633,1.574766941078E12
634,1.574766941137E12
635,1.574766941199E12
636,1.574766941255E12
637,1.57476694132E12
638,1.574766941384E12
639,1.574766941447E12
640,1.574766941506E12
641,1.574766941568E12
642,1.574766941631E12
643,1.574766941691E12
644,1.574766941745E12
645,1.574766941812E12
646,1.574766941864E12
647,1.574766941934E12
648,1.57476694199E12
649,1.574766942049E12
650,1.574766942103E12
651,1.574766942162E12
652,1.574766942229E12
653,1.574766942293E12
654,1.574766942346E12
655,1.574766942411E12
656,1.574766942467E12
657,1.574766942531E12
658,1.574766942595E12
659,1.574766942647E12
660,1.574766942709E12
661,1.574766942764E12
662,1.574766942831E12
663,1.574766942888E12
664,1.574766942953E12
665,1.574766943019E12
666,1.57476694308E12
667,1.574766943135E12
668,1.574766943195E12
669,1.574766943256E12
670,1.57476694331E12
671,1.574766943373E12
672,1.574766943433E12
673,1.574766943496E12
674,1.574766943561E12
675,1.574766943616E12
676,1.574766943682E12
677,1.574766943727E12
678,1.574766943791E12
679,1.574766943859E12
680,1.574766943915E12
681,1.574766943969E12
682,1.574766944038E12
683,1.574766944095E12
684,1.574766944158E12
685,1.574766944218E12
686,1.57476694428E12
687,1.574766944344E12
688,1.574766944404E12
689,1.574766944461E12
690,1.574766944516E12
691,1.574766944577E12
692,1.574766944643E12
693,1.574766944695E12
694,1.574766944765E12
695,1.574766944827E12
696,1.574766944888E12
697,1.574766944948E12
698,1.574766945E12
699,1.574766945059E12
700,1.574766945116E12
701,1.574766945178E12
702,1.574766945245E12
703,1.57476694531E12
704,1.574766945371E12
705,1.574766945431E12
706,1.574766945491E12
707,1.574766945554E12
708,1.574766945605E12
709,1.574766945658E12
710,1.574766945716E12
711,1.574766945783E12
712,1.574766945842E12
713,1.574766945913E12
714,1.574766945973E12
715,1.574766946017E12
716,1.57476694608E12
717,1.574766946148E12
718,1.574766946206E12
719,1.574766946258E12
720,1.574766946324E12
721,1.574766946389E12
722,1.574766946455E12
723,1.5747669465E12
724,1.574766946565E12
725,1.574766946627E12
726,1.57476694669E12
727,1.574766946752E12
728,1.574766946813E12
729,1.574766946876E12
730,1.574766946992E12
731,1.574766947055E12
732,1.574766947116E12
733,1.574766947175E12
734,1.574766947235E12
735,1.574766947299E12
736,1.574766947363E12
737,1.574766947388E12
738,1.574766947437E12
739,1.574766947462E12
740,1.574766947488E12
741,1.57476694752E12
742,1.574766947553E12
743,1.574766947602E12
744,1.574766947627E12
745,1.574766947653E12
746,1.574766947691E12
747,1.574766947723E12
748,1.574766947761E12
0,0.0
1,1.574766958312E12
2,1.574766958336E12
3,1.574766958372E12
4,1.574766958408E12
5,1.57476695844E12
6,1.574766958473E12
7,1.574766958507E12
8,1.574766958541E12
9,1.574766958574E12
10,1.574766958609E12
11,1.574766958644E12
12,1.574766958676E12
13,1.574766958709E12
14,1.574766958742E12
15,1.574766958777E12
16,1.574766958809E12
17,1.574766958843E12
18,1.574766958877E12
19,1.57476695891E12
20,1.574766958944E12
21,1.574766958978E12
22,1.574766959011E12
23,1.574766959045E12
24,1.574766959078E12
25,1.574766959112E12
26,1.574766959146E12
27,1.574766959187E12
28,1.574766959222E12
29,1.57476695926E12
30,1.574766959303E12
31,1.574766959332E12
32,1.574766959358E12
33,1.574766959396E12
34,1.574766959428E12
35,1.574766959472E12
36,1.57476695951E12
37,1.574766959536E12
38,1.574766959572E12
39,1.574766959599E12
40,1.574766959645E12
41,1.574766959669E12
42,1.574766959695E12
43,1.574766959732E12
44,1.574766959766E12
45,1.574766959806E12
46,1.574766959839E12
47,1.574766959874E12
48,1.574766959907E12
49,1.574766959931E12
50,1.574766959973E12
51,1.574766960004E12
52,1.574766960027E12
53,1.574766960066E12
54,1.5747669601E12
55,1.574766960133E12
56,1.574766960166E12
57,1.574766960195E12
58,1.574766960228E12
59,1.574766960266E12
60,1.5747669603E12
61,1.574766960335E12
62,1.574766960367E12
63,1.574766960411E12
64,1.574766960445E12
65,1.574766960469E12
66,1.574766960513E12
67,1.574766960544E12
68,1.574766960576E12
69,1.574766960611E12
70,1.574766960648E12
71,1.574766960675E12
72,1.574766960702E12
73,1.574766960746E12
74,1.574766960773E12
75,1.574766960805E12
76,1.574766960839E12
77,1.574766960879E12
78,1.574766960911E12
79,1.574766960947E12
80,1.574766960982E12
81,1.574766961012E12
82,1.574766961039E12
83,1.574766961074E12
84,1.574766961113E12
85,1.574766961178E12
86,1.574766961214E12
87,1.574766961252E12
88,1.574766961279E12
89,1.574766961317E12
90,1.574766961352E12
91,1.574766961373E12
92,1.574766961403E12
93,1.57476696144E12
94,1.574766961476E12
95,1.574766961517E12
96,1.574766961551E12
97,1.574766961579E12
98,1.57476696162E12
99,1.574766961657E12
100,1.574766961683E12
101,1.574766961712E12
102,1.574766961746E12
103,1.574766961784E12
104,1.574766961826E12
105,1.574766961857E12
106,1.57476696189E12
107,1.574766961924E12
108,1.574766961957E12
109,1.574766961992E12
110,1.574766962023E12
111,1.574766962052E12
112,1.574766962096E12
113,1.574766962129E12
114,1.574766962156E12
115,1.574766962192E12
116,1.574766962215E12
117,1.574766962255E12
118,1.574766962283E12
120,1.574766962359E12
120,1.574766962359E12
121,1.574766962384E12
122,1.574766962417E12
123,1.574766962453E12
124,1.574766962489E12
126,1.574766962567E12
127,1.574766962584E12
127,1.574766962584E12
128,1.574766962626E12
129,1.574766962667E12
130,1.574766962697E12
131,1.574766962716E12
133,1.574766962781E12
133,1.574766962781E12
134,1.574766962826E12
135,1.574766962857E12
136,1.574766962929E12
137,1.574766962929E12
138,1.574766963003E12
139,1.574766963058E12
140,1.574766963099E12
142,1.574766963157E12
142,1.574766963157E12
143,1.57476696319E12
144,1.574766963221E12
145,1.574766963264E12
146,1.574766963293E12
147,1.574766963324E12
148,1.574766963362E12
149,1.574766963389E12
150,1.574766963429E12
151,1.574766963462E12
152,1.574766963499E12
153,1.574766963533E12
154,1.574766963565E12
155,1.574766963596E12
157,1.574766963671E12
157,1.574766963671E12
158,1.574766963702E12
159,1.574766963725E12
160,1.574766963797E12
161,1.574766963797E12
162,1.574766963837E12
163,1.574766963864E12
164,1.574766963896E12
165,1.574766963939E12
166,1.574766963971E12
167,1.574766964008E12
168,1.574766964037E12
169,1.574766964059E12
170,1.574766964102E12
172,1.574766964163E12
172,1.574766964163E12
174,1.574766964228E12
174,1.574766964228E12
175,1.574766964269E12
176,1.574766964306E12
177,1.574766964338E12
178,1.574766964373E12
179,1.574766964407E12
180,1.574766964443E12
182,1.574766964574E12
182,1.574766964574E12
183,1.574766964611E12
184,1.574766964643E12
185,1.574766964673E12
187,1.57476696473E12
187,1.57476696473E12
188,1.574766964774E12
189,1.574766964805E12
191,1.574766964868E12
191,1.574766964868E12
192,1.574766964921E12
193,1.574766964946E12
194,1.574766964982E12
195,1.574766965011E12
196,1.57476696504E12
197,1.574766965078E12
198,1.574766965106E12
199,1.574766965147E12
200,1.574766965175E12
201,1.574766965208E12
202,1.574766965246E12
203,1.574766965281E12
204,1.574766965307E12
205,1.574766965355E12
206,1.574766965382E12
207,1.574766965407E12
208,1.574766965447E12
209,1.574766965483E12
210,1.574766965517E12
211,1.574766965545E12
212,1.574766965588E12
213,1.574766965618E12
214,1.574766965654E12
215,1.574766965689E12
216,1.574766965716E12
217,1.574766965748E12
218,1.574766965786E12
219,1.574766965815E12
220,1.57476696585E12
221,1.574766965891E12
222,1.574766965921E12
223,1.574766965951E12
224,1.574766965983E12
225,1.574766966012E12
226,1.574766966039E12
227,1.574766966086E12
228,1.574766966114E12
229,1.574766966161E12
230,1.57476696619E12
232,1.574766966245E12
232,1.574766966245E12
233,1.574766966288E12
234,1.574766966328E12
235,1.574766966361E12
236,1.574766966394E12
237,1.574766966416E12
238,1.574766966449E12
239,1.574766966479E12
240,1.574766966516E12
241,1.574766966547E12
242,1.574766966598E12
244,1.574766966642E12
244,1.574766966642E12
245,1.574766966681E12
246,1.574766966708E12
247,1.574766966741E12
248,1.574766966773E12
249,1.574766966807E12
250,1.574766966841E12
251,1.574766966876E12
252,1.574766966912E12
253,1.574766966942E12
254,1.574766966977E12
0,0.0
1,1.574766983769E12
2,1.574766983801E12
3,1.574766983837E12
4,1.574766983871E12
5,1.574766983904E12
6,1.574766983938E12
7,1.574766983972E12
8,1.574766984039E12
9,1.574766984075E12
10,1.574766984105E12
11,1.57476698414E12
12,1.574766984173E12
13,1.574766984207E12
14,1.574766984241E12
15,1.574766984274E12
16,1.574766984307E12
17,1.574766984341E12
18,1.574766984374E12
19,1.57476698441E12
20,1.574766984441E12
21,1.574766984476E12
22,1.574766984509E12
23,1.574766984544E12
24,1.574766984576E12
25,1.57476698461E12
26,1.574766984646E12
27,1.574766984679E12
28,1.574766984721E12
29,1.574766984761E12
30,1.574766984796E12
31,1.574766984823E12
32,1.574766984855E12
33,1.574766984889E12
34,1.574766984928E12
35,1.574766984957E12
36,1.574766984994E12
37,1.574766985019E12
38,1.574766985065E12
39,1.574766985101E12
40,1.574766985132E12
41,1.574766985151E12
42,1.574766985191E12
43,1.574766985219E12
44,1.574766985307E12
45,1.574766985335E12
46,1.574766985367E12
47,1.574766985433E12
48,1.574766985504E12
49,1.574766985536E12
50,1.574766985569E12
51,1.574766985596E12
52,1.574766985626E12
53,1.574766985659E12
54,1.574766985692E12
55,1.574766985726E12
56,1.574766985761E12
57,1.574766985803E12
58,1.57476698583E12
59,1.57476698587E12
60,1.574766985898E12
61,1.574766985937E12
62,1.574766985964E12
63,1.574766986004E12
64,1.57476698603E12
65,1.574766986114E12
67,1.574766986162E12
67,1.574766986162E12
68,1.574766986195E12
69,1.574766986228E12
70,1.574766986262E12
71,1.574766986301E12
72,1.574766986344E12
73,1.574766986375E12
74,1.574766986408E12
75,1.574766986441E12
76,1.574766986471E12
77,1.5747669865E12
78,1.57476698654E12
79,1.574766986571E12
80,1.574766986597E12
81,1.574766986636E12
82,1.574766986672E12
83,1.574766986708E12
84,1.574766986782E12
85,1.574766986814E12
86,1.574766986837E12
87,1.574766986868E12
88,1.574766986902E12
89,1.574766986935E12
90,1.574766986977E12
91,1.574766987005E12
92,1.574766987038E12
93,1.574766987071E12
94,1.57476698711E12
95,1.574766987138E12
96,1.57476698717E12
97,1.574766987205E12
98,1.57476698724E12
100,1.574766987355E12
101,1.574766987387E12
102,1.574766987413E12
102,1.574766987413E12
103,1.574766987449E12
104,1.574766987482E12
105,1.574766987509E12
106,1.574766987546E12
107,1.574766987582E12
108,1.574766987615E12
109,1.574766987649E12
110,1.574766987684E12
111,1.574766987716E12
113,1.574766987784E12
113,1.574766987784E12
114,1.574766987812E12
115,1.57476698785E12
116,1.574766987881E12
117,1.574766987918E12
118,1.574766987947E12
119,1.574766987985E12
120,1.57476698802E12
121,1.574766988061E12
122,1.574766988084E12
123,1.574766988121E12
124,1.57476698815E12
126,1.574766988244E12
126,1.574766988244E12
127,1.574766988277E12
128,1.574766988317E12
129,1.574766988352E12
131,1.574766988417E12
132,1.574766988452E12
132,1.574766988452E12
133,1.574766988478E12
134,1.574766988515E12
135,1.574766988553E12
136,1.574766988584E12
137,1.574766988617E12
138,1.574766988654E12
139,1.574766988683E12
140,1.574766988721E12
141,1.57476698876E12
142,1.574766988795E12
143,1.574766988823E12
144,1.574766988856E12
145,1.574766988892E12
146,1.574766988924E12
147,1.574766988955E12
148,1.574766988991E12
149,1.574766989023E12
150,1.574766989062E12
151,1.574766989096E12
152,1.574766989124E12
153,1.574766989168E12
154,1.574766989193E12
155,1.574766989236E12
156,1.574766989268E12
157,1.574766989299E12
158,1.574766989335E12
159,1.574766989366E12
160,1.574766989393E12
161,1.574766989435E12
162,1.574766989469E12
164,1.574766989521E12
164,1.574766989521E12
165,1.574766989558E12
166,1.574766989594E12
168,1.574766989664E12
169,1.574766989701E12
169,1.574766989701E12
170,1.574766989739E12
171,1.57476698977E12
173,1.574766989829E12
173,1.574766989829E12
174,1.574766989864E12
175,1.574766989925E12
176,1.574766989975E12
177,1.574766990005E12
178,1.574766990032E12
179,1.574766990068E12
180,1.574766990093E12
181,1.574766990136E12
183,1.574766990238E12
183,1.574766990238E12
184,1.574766990265E12
185,1.574766990306E12
186,1.574766990369E12
187,1.574766990394E12
188,1.574766990439E12
189,1.574766990471E12
190,1.5747669905E12
191,1.574766990532E12
192,1.574766990575E12
194,1.574766990673E12
194,1.574766990673E12
195,1.574766990704E12
196,1.574766990734E12
197,1.574766990811E12
199,1.574766990873E12
199,1.574766990873E12
200,1.574766990908E12
201,1.574766990937E12
202,1.574766990975E12
203,1.574766991008E12
204,1.574766991045E12
205,1.574766991078E12
206,1.574766991107E12
207,1.574766991145E12
208,1.57476699118E12
209,1.574766991201E12
210,1.574766991242E12
211,1.574766991273E12
212,1.57476699131E12
213,1.574766991347E12
214,1.574766991376E12
215,1.574766991414E12
216,1.574766991441E12
217,1.574766991473E12
218,1.574766991515E12
219,1.574766991547E12
220,1.574766991583E12
221,1.574766991616E12
222,1.574766991643E12
223,1.574766991678E12
224,1.574766991704E12
225,1.574766991753E12
226,1.574766991787E12
227,1.574766991818E12
228,1.574766991851E12
229,1.574766991877E12
230,1.574766991921E12
231,1.574766991978E12
233,1.57476699205E12
233,1.57476699205E12
234,1.574766992087E12
235,1.574766992124E12
236,1.574766992151E12
237,1.574766992186E12
238,1.574766992212E12
239,1.574766992258E12
240,1.574766992289E12
241,1.574766992312E12
242,1.574766992352E12
243,1.57476699238E12
244,1.574766992418E12
245,1.574766992449E12
246,1.574766992483E12
247,1.574766992519E12
248,1.574766992549E12
249,1.574766992591E12
250,1.574766992627E12
251,1.574766992661E12
252,1.574766992684E12
253,1.574766992726E12
254,1.574766992754E12
255,1.574766992782E12
256,1.574766992823E12
257,1.574766992856E12
258,1.574766992884E12
259,1.574766992929E12
260,1.574766992956E12
261,1.574766992985E12
262,1.574766993065E12
263,1.574766993095E12
265,1.574766993152E12
265,1.574766993152E12
266,1.574766993197E12
267,1.574766993228E12
268,1.574766993255E12
269,1.574766993295E12
270,1.574766993331E12
271,1.574766993364E12
272,1.574766993421E12
273,1.574766993464E12
274,1.574766993498E12
275,1.574766993533E12
276,1.574766993563E12
277,1.574766993601E12
278,1.574766993628E12
279,1.574766993702E12
280,1.574766993734E12
282,1.574766993794E12
282,1.574766993794E12
283,1.574766993833E12
285,1.574766993887E12
285,1.574766993887E12
286,1.574766993933E12
287,1.574766993967E12
288,1.574766994001E12
289,1.574766994031E12
290,1.574766994065E12
291,1.574766994099E12
292,1.574766994134E12
293,1.574766994166E12
294,1.574766994203E12
295,1.574766994228E12
296,1.574766994271E12
297,1.574766994299E12
298,1.574766994331E12
299,1.574766994364E12
300,1.5747669944E12
301,1.574766994435E12
302,1.574766994465E12
303,1.574766994502E12
304,1.574766994533E12
305,1.574766994563E12
306,1.574766994602E12
307,1.57476699464E12
308,1.574766994668E12
309,1.574766994702E12
310,1.57476699473E12
311,1.574766994774E12
313,1.574766994825E12
313,1.574766994825E12
314,1.574766994876E12
316,1.574766994927E12
316,1.574766994927E12
317,1.574766994973E12
318,1.574766995011E12
319,1.574766995045E12
320,1.57476699508E12
321,1.574766995104E12
322,1.574766995143E12
323,1.574766995171E12
324,1.574766995212E12
325,1.57476699524E12
326,1.574766995275E12
327,1.574766995304E12
328,1.574766995342E12
329,1.574766995376E12
330,1.574766995404E12
331,1.574766995446E12
332,1.574766995474E12
333,1.574766995515E12
334,1.574766995548E12
335,1.574766995574E12
336,1.574766995612E12
337,1.574766995641E12
338,1.574766995674E12
339,1.574766995708E12
340,1.574766995745E12
341,1.574766995783E12
342,1.574766995814E12
343,1.574766995847E12
345,1.574766995907E12
345,1.574766995907E12
346,1.574766995945E12
347,1.574766996013E12
348,1.574766996057E12
349,1.574766996089E12
350,1.574766996121E12
351,1.574766996151E12
352,1.574766996182E12
353,1.574766996212E12
354,1.574766996248E12
355,1.574766996273E12
356,1.574766996309E12
357,1.574766996346E12
358,1.574766996387E12
359,1.574766996419E12
360,1.574766996444E12
361,1.574766996491E12
363,1.574766996545E12
363,1.574766996545E12
364,1.574766996575E12
365,1.574766996613E12
367,1.57476699668E12
367,1.57476699668E12
368,1.574766996727E12
369,1.574766996754E12
370,1.574766996817E12
372,1.574766996889E12
373,1.574766996907E12
373,1.574766996907E12
374,1.574766996956E12
375,1.574766996983E12
376,1.574766997026E12
377,1.574766997051E12
378,1.574766997087E12
379,1.574766997115E12
380,1.574766997158E12
381,1.574766997193E12
382,1.574766997226E12
383,1.574766997251E12
384,1.574766997291E12
385,1.574766997326E12
386,1.574766997367E12
387,1.574766997389E12
388,1.574766997429E12
389,1.574766997461E12
390,1.574766997492E12
392,1.574766997558E12
393,1.574766997585E12
393,1.574766997585E12
394,1.574766997625E12
395,1.574766997656E12
396,1.574766997695E12
397,1.574766997725E12
398,1.574766997758E12
400,1.574766997832E12
400,1.574766997832E12
401,1.574766997863E12
402,1.574766997895E12
403,1.574766997924E12
404,1.574766997966E12
405,1.574766997993E12
406,1.574766998027E12
407,1.574766998059E12
408,1.574766998101E12
409,1.574766998136E12
410,1.574766998169E12
411,1.574766998201E12
412,1.574766998232E12
413,1.574766998261E12
414,1.574766998302E12
415,1.574766998328E12
416,1.574766998368E12
417,1.574766998397E12
418,1.574766998434E12
419,1.574766998461E12
420,1.574766998503E12
421,1.574766998538E12
422,1.574766998568E12
423,1.574766998594E12
424,1.574766998624E12
425,1.57476699866E12
426,1.574766998696E12
427,1.574766998727E12
428,1.574766998773E12
429,1.574766998801E12
430,1.574766998835E12
431,1.574766998869E12
432,1.574766998903E12
433,1.574766998926E12
434,1.574766998967E12
435,1.574766999001E12
437,1.574766999073E12
438,1.574766999101E12
439,1.574766999134E12
439,1.574766999134E12
440,1.57476699917E12
441,1.574766999206E12
442,1.574766999236E12
443,1.574766999269E12
444,1.574766999308E12
445,1.574766999343E12
446,1.574766999417E12
447,1.574766999451E12
449,1.574766999496E12
449,1.574766999496E12
450,1.574766999539E12
451,1.574766999574E12
452,1.574766999603E12
453,1.574766999641E12
454,1.574766999675E12
455,1.574766999711E12
456,1.574766999743E12
457,1.574766999778E12
458,1.574766999815E12
459,1.574766999846E12
460,1.574766999882E12
461,1.574766999906E12
462,1.574766999934E12
463,1.57476699997E12
464,1.574767000004E12
465,1.574767000046E12
466,1.57476700008E12
467,1.574767000116E12
468,1.574767000146E12
469,1.574767000188E12
470,1.574767000216E12
471,1.574767000244E12
472,1.574767000275E12
473,1.574767000309E12
475,1.574767000384E12
476,1.574767000414E12
476,1.574767000414E12
477,1.574767000449E12
478,1.574767000474E12
479,1.574767000507E12
480,1.574767000549E12
481,1.574767000586E12
482,1.574767000643E12
484,1.574767000717E12
484,1.574767000717E12
485,1.574767000753E12
486,1.57476700078E12
487,1.574767000812E12
488,1.574767000853E12
489,1.574767000884E12
491,1.574767000953E12
492,1.574767000982E12
492,1.574767000982E12
493,1.574767001018E12
494,1.574767001046E12
495,1.574767001084E12
496,1.574767001121E12
497,1.574767001153E12
498,1.574767001186E12
499,1.574767001221E12
500,1.574767001258E12
501,1.574767001285E12
502,1.574767001323E12
503,1.574767001355E12
504,1.574767001384E12
505,1.574767001466E12
506,1.574767001494E12
507,1.574767001515E12
508,1.574767001552E12
509,1.574767001584E12
510,1.574767001622E12
511,1.574767001659E12
512,1.574767001685E12
513,1.574767001727E12
514,1.574767001756E12
515,1.574767001792E12
516,1.574767001832E12
517,1.574767001861E12
518,1.574767001895E12
519,1.574767001956E12
520,1.574767001997E12
521,1.574767002029E12
522,1.574767002062E12
523,1.574767002094E12
524,1.574767002134E12
525,1.574767002165E12
526,1.57476700219E12
527,1.574767002226E12
528,1.574767002256E12
529,1.574767002291E12
530,1.574767002323E12
531,1.574767002362E12
532,1.574767002403E12
533,1.57476700243E12
534,1.574767002458E12
535,1.574767002488E12
536,1.574767002526E12
537,1.574767002565E12
538,1.574767002593E12
539,1.574767002626E12
540,1.57476700267E12
541,1.574767002698E12
543,1.574767002797E12
544,1.57476700283E12
545,1.574767002856E12
545,1.574767002856E12
546,1.574767002893E12
547,1.574767002933E12
548,1.574767002968E12
549,1.574767002998E12
550,1.574767003028E12
551,1.574767003071E12
553,1.574767003124E12
553,1.574767003124E12
554,1.57476700316E12
555,1.574767003196E12
556,1.57476700323E12
557,1.574767003268E12
558,1.574767003294E12
559,1.574767003329E12
560,1.574767003364E12
561,1.574767003404E12
562,1.574767003443E12
563,1.574767003464E12
565,1.574767003528E12
565,1.574767003528E12
566,1.574767003572E12
567,1.574767003606E12
568,1.574767003643E12
569,1.574767003671E12
570,1.574767003744E12
571,1.574767003809E12
572,1.574767003846E12
573,1.574767003877E12
574,1.57476700391E12
575,1.574767003943E12
576,1.574767003974E12
577,1.57476700401E12
578,1.574767004043E12
579,1.57476700408E12
580,1.574767004109E12
581,1.574767004133E12
582,1.574767004167E12
583,1.574767004211E12
584,1.574767004245E12
585,1.57476700427E12
586,1.574767004309E12
587,1.574767004351E12
588,1.574767004376E12
589,1.574767004453E12
590,1.574767004482E12
591,1.574767004516E12
592,1.574767004546E12
593,1.574767004575E12
594,1.574767004614E12
595,1.574767004649E12
596,1.574767004677E12
597,1.574767004713E12
598,1.574767004748E12
599,1.574767004782E12
600,1.574767004814E12
602,1.574767004881E12
602,1.574767004881E12
603,1.574767004914E12
604,1.574767004943E12
605,1.574767004979E12
606,1.574767005011E12
607,1.574767005043E12
608,1.574767005084E12
610,1.57476700514E12
610,1.57476700514E12
611,1.574767005181E12
612,1.574767005211E12
613,1.574767005255E12
614,1.57476700529E12
615,1.574767005321E12
616,1.574767005352E12
618,1.574767005453E12
619,1.574767005481E12
619,1.574767005481E12
620,1.574767005523E12
621,1.574767005551E12
622,1.574767005581E12
623,1.574767005623E12
624,1.574767005652E12
625,1.574767005689E12
626,1.574767005721E12
627,1.574767005756E12
629,1.574767005809E12
629,1.574767005809E12
630,1.574767005848E12
631,1.574767005883E12
632,1.574767005923E12
633,1.574767005956E12
634,1.574767005989E12
635,1.574767006024E12
636,1.574767006096E12
638,1.574767006148E12
638,1.574767006148E12
639,1.574767006189E12
640,1.574767006216E12
642,1.574767006288E12
642,1.574767006288E12
643,1.574767006329E12
644,1.574767006354E12
645,1.574767006385E12
646,1.574767006426E12
647,1.574767006461E12
648,1.574767006487E12
650,1.574767006589E12
650,1.574767006589E12
651,1.574767006631E12
652,1.574767006665E12
653,1.574767006693E12
654,1.574767006723E12
655,1.574767006762E12
656,1.574767006793E12
657,1.57476700686E12
658,1.574767006895E12
659,1.574767006933E12
660,1.574767006965E12
661,1.574767006998E12
662,1.574767007034E12
663,1.574767007068E12
664,1.574767007097E12
665,1.574767007128E12
666,1.574767007157E12
667,1.574767007198E12
668,1.574767007235E12
669,1.574767007265E12
670,1.574767007303E12
671,1.574767007335E12
672,1.57476700736E12
673,1.574767007402E12
674,1.574767007437E12
675,1.574767007463E12
676,1.574767007528E12
677,1.574767007568E12
678,1.574767007602E12
679,1.574767007631E12
680,1.574767007669E12
681,1.574767007699E12
682,1.574767007729E12
683,1.574767007773E12
684,1.5747670078E12
685,1.574767007838E12
686,1.57476700787E12
687,1.574767007905E12
688,1.574767007938E12
689,1.574767007972E12
690,1.574767008007E12
691,1.574767008039E12
692,1.574767008067E12
693,1.574767008098E12
694,1.574767008135E12
695,1.574767008162E12
696,1.574767008205E12
697,1.574767008233E12
698,1.574767008275E12
699,1.574767008308E12
700,1.574767008337E12
701,1.574767008368E12
702,1.574767008405E12
703,1.574767008432E12
704,1.574767008474E12
705,1.574767008504E12
707,1.574767008652E12
708,1.574767008679E12
708,1.574767008679E12
709,1.574767008701E12
710,1.574767008773E12
712,1.574767008847E12
713,1.574767008876E12
713,1.574767008876E12
714,1.574767008918E12
716,1.574767009017E12
717,1.574767009046E12
717,1.574767009046E12
718,1.57476700907E12
719,1.574767009111E12
720,1.574767009139E12
721,1.574767009171E12
722,1.574767009206E12
723,1.574767009239E12
724,1.574767009277E12
725,1.574767009305E12
726,1.574767009346E12
727,1.574767009385E12
728,1.574767009411E12
729,1.57476700945E12
730,1.574767009486E12
731,1.574767009513E12
732,1.574767009544E12
733,1.574767009579E12
734,1.574767009612E12
735,1.574767009645E12
736,1.574767009674E12
737,1.574767009712E12
738,1.574767009746E12
739,1.574767009789E12
740,1.574767009819E12
741,1.574767009855E12
742,1.574767009887E12
743,1.574767009918E12
744,1.574767009952E12
746,1.574767010022E12
746,1.574767010022E12
747,1.574767010056E12
748,1.574767010089E12
749,1.574767010119E12
750,1.57476701015E12
751,1.574767010181E12
752,1.574767010219E12
754,1.57476701033E12
754,1.57476701033E12
755,1.57476701036E12
756,1.574767010386E12
757,1.574767010425E12
758,1.574767010458E12
760,1.574767010517E12
760,1.574767010517E12
761,1.574767010557E12
762,1.574767010586E12
763,1.574767010625E12
764,1.574767010658E12
765,1.57476701069E12
766,1.574767010723E12
767,1.574767010794E12
768,1.574767010828E12
769,1.574767010862E12
770,1.574767010894E12
771,1.574767010917E12
772,1.574767010954E12
773,1.574767010988E12
774,1.574767011023E12
775,1.574767011055E12
776,1.57476701109E12
777,1.574767011122E12
778,1.574767011163E12
779,1.574767011188E12
780,1.574767011223E12
781,1.574767011299E12
782,1.574767011328E12
783,1.57476701137E12
784,1.574767011399E12
785,1.574767011428E12
786,1.574767011463E12
787,1.5747670115E12
788,1.574767011526E12
789,1.574767011567E12
790,1.574767011596E12
791,1.57476701163E12
792,1.574767011665E12
793,1.574767011693E12
794,1.574767011733E12
795,1.57476701177E12
796,1.5747670118E12
797,1.574767011829E12
799,1.574767011888E12
799,1.574767011888E12
800,1.574767011938E12
801,1.574767011967E12
802,1.574767012004E12
803,1.574767012038E12
804,1.57476701207E12
805,1.574767012102E12
806,1.574767012165E12
807,1.574767012206E12
808,1.574767012239E12
809,1.574767012272E12
810,1.574767012294E12
811,1.574767012336E12
812,1.57476701237E12
813,1.574767012404E12
814,1.574767012437E12
815,1.574767012467E12
816,1.574767012503E12
817,1.574767012572E12
818,1.574767012611E12
819,1.574767012646E12
820,1.574767012675E12
821,1.57476701271E12
822,1.574767012742E12
823,1.574767012776E12
824,1.574767012802E12
825,1.574767012836E12
826,1.574767012869E12
827,1.574767012903E12
828,1.574767012937E12
829,1.574767012973E12
830,1.574767013011E12
831,1.574767013043E12
832,1.574767013076E12
833,1.57476701311E12
834,1.574767013143E12
836,1.574767013199E12
836,1.574767013199E12
837,1.574767013233E12
838,1.574767013271E12
839,1.574767013306E12
840,1.574767013345E12
841,1.574767013375E12
842,1.574767013404E12
843,1.574767013437E12
844,1.574767013473E12
845,1.574767013519E12
846,1.574767013548E12
847,1.574767013588E12
848,1.574767013617E12
849,1.574767013646E12
850,1.574767013669E12
851,1.574767013712E12
852,1.574767013748E12
853,1.574767013776E12
854,1.574767013816E12
856,1.574767013872E12
856,1.574767013872E12
857,1.574767013946E12
858,1.574767013989E12
859,1.574767014011E12
860,1.574767014098E12
861,1.57476701416E12
863,1.574767014208E12
863,1.574767014208E12
864,1.574767014245E12
865,1.574767014283E12
866,1.574767014314E12
867,1.574767014345E12
868,1.574767014381E12
869,1.574767014415E12
870,1.574767014456E12
871,1.574767014487E12
873,1.574767014548E12
873,1.574767014548E12
874,1.574767014583E12
875,1.574767014624E12
876,1.574767014651E12
877,1.574767014679E12
878,1.574767014717E12
879,1.574767014752E12
880,1.574767014784E12
881,1.574767014822E12
882,1.57476701486E12
883,1.574767014888E12
884,1.574767014924E12
885,1.574767014958E12
886,1.574767014994E12
888,1.574767015053E12
888,1.574767015053E12
889,1.574767015093E12
890,1.574767015125E12
891,1.574767015151E12
892,1.57476701519E12
893,1.574767015221E12
895,1.57476701529E12
896,1.574767015315E12
897,1.574767015346E12
897,1.574767015346E12
898,1.57476701538E12
899,1.574767015413E12
900,1.574767015455E12
901,1.574767015483E12
902,1.574767015513E12
903,1.574767015546E12
904,1.574767015586E12
905,1.574767015626E12
906,1.574767015649E12
907,1.574767015681E12
908,1.574767015717E12
909,1.574767015758E12
910,1.574767015788E12
911,1.574767015817E12
912,1.574767015853E12
913,1.574767015883E12
914,1.574767015918E12
915,1.574767015951E12
916,1.574767015993E12
917,1.574767016024E12
918,1.574767016053E12
919,1.574767016092E12
920,1.574767016121E12
921,1.574767016162E12
922,1.574767016194E12
923,1.57476701622E12
924,1.574767016261E12
925,1.574767016294E12
926,1.574767016327E12
927,1.574767016354E12
929,1.574767016423E12
929,1.574767016423E12
930,1.574767016461E12
931,1.574767016486E12
932,1.574767016529E12
933,1.574767016565E12
934,1.574767016596E12
935,1.574767016623E12
936,1.574767016664E12
937,1.57476701669E12
938,1.574767016731E12
939,1.574767016764E12
940,1.574767016798E12
941,1.574767016832E12
942,1.574767016859E12
943,1.574767016899E12
944,1.574767016926E12
945,1.574767016965E12
946,1.574767016992E12
947,1.574767017025E12
948,1.57476701706E12
949,1.574767017092E12
950,1.574767017125E12
951,1.57476701716E12
952,1.574767017201E12
953,1.574767017227E12
954,1.574767017262E12
955,1.574767017295E12
956,1.574767017329E12
957,1.574767017361E12
958,1.574767017396E12
959,1.574767017429E12
960,1.574767017466E12
961,1.574767017502E12
962,1.574767017532E12
963,1.57476701757E12
964,1.574767017596E12
965,1.574767017636E12
966,1.574767017663E12
967,1.574767017704E12
968,1.574767017738E12
969,1.574767017769E12
970,1.574767017796E12
971,1.57476701784E12
972,1.574767017872E12
973,1.574767017939E12
974,1.574767017966E12
976,1.574767018034E12
976,1.574767018034E12
977,1.574767018072E12
978,1.574767018099E12
979,1.574767018134E12
980,1.574767018168E12
981,1.574767018201E12
982,1.574767018235E12
983,1.574767018269E12
984,1.574767018308E12
985,1.574767018335E12
986,1.574767018369E12
987,1.57476701841E12
988,1.574767018444E12
989,1.574767018471E12
990,1.574767018509E12
991,1.574767018543E12
992,1.574767018569E12
993,1.574767018603E12
994,1.574767018637E12
995,1.574767018673E12
996,1.574767018705E12
997,1.574767018739E12
998,1.574767018779E12
999,1.574767018817E12
1000,1.574767018846E12
1001,1.574767018874E12
1002,1.574767018907E12
1003,1.574767018947E12
1004,1.574767018981E12
1005,1.574767019049E12
1006,1.574767019081E12
1007,1.574767019108E12
1008,1.574767019141E12
1009,1.574767019178E12
1010,1.574767019207E12
1011,1.574767019242E12
1012,1.574767019277E12
1013,1.574767019318E12
1014,1.57476701935E12
1015,1.574767019377E12
1016,1.57476701941E12
1017,1.574767019444E12
1018,1.574767019486E12
1019,1.574767019522E12
1020,1.57476701955E12
1021,1.574767019578E12
1023,1.574767019696E12
1023,1.574767019696E12
1024,1.57476701972E12
1025,1.574767019746E12
1026,1.57476701978E12
1027,1.574767019814E12
1028,1.574767019855E12
1029,1.574767019888E12
1030,1.574767019916E12
1031,1.574767019959E12
1032,1.574767019981E12
1033,1.574767020023E12
1034,1.574767020047E12
1035,1.574767020082E12
1036,1.574767020115E12
1037,1.574767020148E12
1038,1.574767020228E12
1039,1.574767020257E12
1040,1.57476702029E12
1041,1.57476702032E12
1042,1.57476702035E12
1043,1.574767020385E12
1044,1.574767020419E12
1045,1.574767020453E12
1046,1.574767020489E12
1047,1.574767020523E12
