6,1.574767190851E12
7,1.574767190942E12
8,1.574767190995E12
9,1.574767191021E12
10,1.574767191044E12
12,1.574767191149E12
12,1.574767191213E12
13,1.574767191242E12
14,1.574767191282E12
15,1.574767191304E12
16,1.574767191337E12
17,1.574767191393E12
18,1.574767191419E12
19,1.574767191539E12
20,1.57476719158E12
22,1.574767191617E12
23,1.574767191646E12
24,1.57476719167E12
25,1.574767191693E12
26,1.574767191746E12
26,1.574767191803E12
27,1.574767191852E12
28,1.574767191898E12
29,1.574767191923E12
31,1.574767192052E12
31,1.574767192086E12
33,1.574767192138E12
35,1.574767192163E12
35,1.574767192188E12
36,1.574767192232E12
37,1.574767192258E12
38,1.574767192284E12
40,1.574767192343E12
41,1.574767192381E12
42,1.574767192514E12
44,1.57476719259E12
45,1.574767192626E12
46,1.574767192683E12
47,1.574767192716E12
49,1.574767192815E12
50,1.574767192938E12
52,1.574767193046E12
56,1.574767193169E12
56,1.574767193253E12
59,1.574767193344E12
60,1.574767193374E12
62,1.574767193479E12
63,1.574767193524E12
63,1.574767193556E12
64,1.574767193588E12
65,1.574767193628E12
66,1.574767193656E12
67,1.574767193711E12
70,1.574767193747E12
70,1.574767193779E12
72,1.574767193809E12
72,1.574767193857E12
73,1.574767193886E12
74,1.574767193916E12
76,1.574767193945E12
76,1.574767193995E12
77,1.574767194074E12
78,1.574767194128E12
79,1.574767194163E12
80,1.574767194192E12
81,1.574767194225E12
83,1.574767194253E12
83,1.574767194282E12
84,1.574767194432E12
86,1.574767194471E12
88,1.574767194502E12
89,1.574767194528E12
91,1.574767194622E12
91,1.574767194653E12
92,1.574767194678E12
93,1.574767194707E12
94,1.574767194767E12
95,1.574767194802E12
96,1.57476719483E12
99,1.574767194898E12
101,1.574767195041E12
102,1.574767195099E12
104,1.574767195176E12
104,1.574767195209E12
106,1.574767195236E12
107,1.574767195261E12
108,1.574767195292E12
108,1.574767195316E12
109,1.574767195345E12
110,1.574767195423E12
111,1.574767195454E12
113,1.5747671955E12
113,1.574767195567E12
114,1.574767195603E12
115,1.574767195638E12
117,1.574767195671E12
118,1.574767195695E12
119,1.574767195719E12
120,1.574767195742E12
121,1.574767195773E12
121,1.574767195807E12
122,1.574767195842E12
123,1.574767195911E12
124,1.574767195953E12
126,1.574767195991E12
127,1.574767196022E12
128,1.574767196048E12
130,1.574767196073E12
130,1.574767196107E12
130,1.574767196235E12
131,1.574767196269E12
133,1.574767196298E12
134,1.574767196325E12
135,1.57476719635E12
136,1.574767196374E12
139,1.574767196607E12
140,1.574767196633E12
141,1.574767196659E12
142,1.574767196684E12
154,1.574767197152E12
154,1.574767197175E12
154,1.574767197212E12
155,1.574767197239E12
156,1.574767197276E12
157,1.574767197314E12
158,1.574767197357E12
160,1.574767197419E12
162,1.574767197475E12
163,1.574767197507E12
190,1.574767198675E12
191,1.574767198705E12
192,1.574767198739E12
246,1.574767200781E12
249,1.574767200878E12
250,1.574767200956E12
253,1.574767201075E12
277,1.574767202089E12
279,1.574767202116E12
348,1.574767205346E12
349,1.574767205381E12
349,1.574767205425E12
350,1.574767205458E12
351,1.574767205488E12
352,1.574767205514E12
354,1.574767205557E12
354,1.57476720559E12
355,1.574767205658E12
357,1.574767205687E12
357,1.574767205807E12
359,1.57476720591E12
359,1.574767205961E12
360,1.574767205992E12
362,1.57476720602E12
365,1.574767206045E12
365,1.574767206068E12
365,1.574767206093E12
366,1.574767206167E12
367,1.574767206197E12
367,1.574767206221E12
369,1.574767206264E12
370,1.574767206291E12
370,1.574767206329E12
371,1.574767206357E12
372,1.574767206463E12
374,1.5747672065E12
374,1.574767206529E12
376,1.574767206554E12
377,1.574767206581E12
378,1.574767206603E12
379,1.574767206635E12
380,1.574767206665E12
380,1.574767206699E12
381,1.574767206775E12
382,1.574767206815E12
383,1.574767206844E12
385,1.574767206867E12
386,1.57476720689E12
387,1.574767207039E12
387,1.574767207074E12
388,1.574767207105E12
390,1.57476720713E12
391,1.574767207154E12
392,1.574767207175E12
393,1.574767207257E12
394,1.574767207334E12
394,1.574767207364E12
395,1.574767207389E12
397,1.574767207464E12
398,1.574767207495E12
398,1.574767207526E12
399,1.574767207551E12
401,1.574767207575E12
402,1.574767207728E12
402,1.574767207761E12
403,1.574767207786E12
404,1.57476720783E12
406,1.574767207861E12
406,1.574767207885E12
408,1.574767207964E12
409,1.574767208001E12
409,1.574767208053E12
410,1.574767208087E12
411,1.574767208201E12
412,1.57476720824E12
413,1.574767208271E12
416,1.574767208301E12
416,1.574767208327E12
417,1.574767208354E12
418,1.574767208417E12
419,1.574767208446E12
419,1.574767208484E12
420,1.574767208515E12
421,1.574767208561E12
422,1.57476720862E12
423,1.574767208697E12
424,1.574767208759E12
425,1.574767208789E12
426,1.574767208814E12
428,1.5747672089E12
429,1.574767208924E12
429,1.574767208964E12
431,1.574767208996E12
431,1.574767209022E12
433,1.574767209048E12
434,1.574767209125E12
435,1.574767209208E12
435,1.574767209247E12
436,1.574767209281E12
438,1.574767209308E12
439,1.574767209334E12
441,1.574767209357E12
441,1.574767209491E12
442,1.574767209532E12
442,1.574767209553E12
444,1.574767209573E12
445,1.574767209608E12
446,1.574767209645E12
446,1.574767209692E12
447,1.574767209725E12
448,1.574767209762E12
449,1.574767209806E12
450,1.574767209857E12
451,1.574767209891E12
452,1.574767209929E12
453,1.574767209965E12
454,1.57476721E12
455,1.574767210031E12
456,1.574767210057E12
457,1.574767210103E12
458,1.574767210135E12
459,1.574767210162E12
460,1.574767210188E12
461,1.57476721022E12
462,1.574767210265E12
463,1.574767210297E12
464,1.574767210325E12
465,1.574767210364E12
466,1.574767210392E12
467,1.574767210427E12
469,1.574767210466E12
481,1.574767210891E12
482,1.574767210923E12
484,1.574767210951E12
486,1.574767211007E12
487,1.574767211114E12
488,1.574767211146E12
490,1.574767211206E12
490,1.57476721124E12
491,1.574767211332E12
492,1.574767211469E12
493,1.574767211519E12
495,1.574767211553E12
497,1.57476721158E12
498,1.574767211604E12
499,1.574767211628E12
500,1.57476721165E12
500,1.574767211694E12
500,1.574767211726E12
501,1.574767211779E12
502,1.57476721181E12
504,1.574767211836E12
505,1.574767211918E12
505,1.57476721195E12
507,1.574767211977E12
508,1.574767212003E12
508,1.574767212027E12
509,1.57476721212E12
510,1.574767212153E12
512,1.574767212187E12
513,1.574767212215E12
514,1.574767212242E12
514,1.574767212361E12
515,1.574767212395E12
517,1.574767212487E12
517,1.57476721252E12
518,1.574767212601E12
520,1.574767212646E12
520,1.574767212682E12
522,1.574767212708E12
523,1.574767212828E12
524,1.574767212856E12
524,1.574767212911E12
526,1.574767212942E12
526,1.574767212969E12
528,1.574767212993E12
529,1.574767213028E12
529,1.574767213075E12
530,1.574767213107E12
531,1.574767213143E12
532,1.574767213168E12
533,1.574767213195E12
534,1.574767213276E12
535,1.574767213417E12
536,1.574767213451E12
537,1.574767213478E12
539,1.574767213502E12
543,1.574767213655E12
562,1.574767214609E12
563,1.574767214718E12
564,1.574767214782E12
564,1.574767214822E12
565,1.574767214847E12
566,1.574767214902E12
568,1.574767214926E12
569,1.574767215011E12
569,1.57476721506E12
570,1.574767215099E12
571,1.57476721513E12
572,1.574767215161E12
574,1.574767215186E12
575,1.57476721521E12
576,1.574767215323E12
577,1.574767215354E12
578,1.574767215381E12
578,1.574767215407E12
580,1.574767215431E12
581,1.574767215471E12
582,1.574767215507E12
583,1.574767215534E12
583,1.574767215571E12
584,1.574767215609E12
585,1.574767215737E12
586,1.574767215767E12
587,1.574767215799E12
588,1.574767215858E12
589,1.574767215897E12
590,1.574767215931E12
591,1.574767215958E12
593,1.574767215983E12
594,1.574767216006E12
595,1.574767216124E12
596,1.574767216158E12
597,1.574767216183E12
597,1.574767216207E12
599,1.57476721623E12
600,1.574767216312E12
600,1.57476721637E12
602,1.574767216396E12
602,1.574767216443E12
603,1.574767216545E12
604,1.574767216578E12
605,1.574767216604E12
606,1.574767216662E12
608,1.574767216825E12
609,1.574767216881E12
609,1.574767216923E12
610,1.574767216954E12
613,1.574767216984E12
615,1.574767217091E12
615,1.574767217124E12
615,1.574767217153E12
615,1.574767217179E12
617,1.574767217203E12
618,1.574767217226E12
619,1.574767217274E12
620,1.574767217301E12
621,1.574767217345E12
621,1.574767217372E12
622,1.574767217397E12
623,1.57476721749E12
625,1.574767217528E12
625,1.57476721756E12
626,1.574767217588E12
628,1.574767217613E12
629,1.574767217664E12
630,1.574767217693E12
631,1.574767217723E12
631,1.574767217772E12
632,1.574767217807E12
633,1.574767217832E12
634,1.574767217869E12
635,1.574767217895E12
636,1.574767217923E12
637,1.574767218064E12
639,1.574767218108E12
639,1.574767218142E12
640,1.57476721817E12
641,1.574767218195E12
643,1.57476721823E12
644,1.574767218265E12
645,1.57476721829E12
645,1.574767218327E12
646,1.574767218362E12
647,1.57476721841E12
648,1.574767218441E12
649,1.574767218467E12
650,1.574767218512E12
652,1.574767218539E12
652,1.574767218619E12
653,1.57476721868E12
654,1.574767218754E12
655,1.574767218808E12
656,1.574767218835E12
657,1.574767218862E12
658,1.574767218947E12
659,1.574767218981E12
661,1.574767219059E12
661,1.574767219086E12
663,1.574767219185E12
663,1.574767219216E12
665,1.574767219283E12
665,1.574767219321E12
667,1.574767219416E12
667,1.574767219552E12
668,1.574767219595E12
669,1.57476721963E12
670,1.574767219658E12
672,1.574767219695E12
673,1.574767219729E12
677,1.574767219948E12
681,1.57476722022E12
682,1.574767220255E12
684,1.574767220307E12
685,1.574767220331E12
686,1.574767220446E12
709,1.574767221378E12
710,1.574767221401E12
711,1.574767221477E12
712,1.574767221508E12
712,1.57476722154E12
714,1.574767221568E12
714,1.574767221602E12
715,1.574767221626E12
716,1.574767221663E12
717,1.574767221693E12
718,1.574767221812E12
719,1.574767221844E12
720,1.574767221875E12
722,1.574767221902E12
723,1.574767221935E12
724,1.574767221957E12
724,1.574767221993E12
725,1.574767222021E12
726,1.574767222084E12
727,1.574767222186E12
728,1.574767222246E12
729,1.57476722228E12
731,1.57476722231E12
733,1.574767222336E12
733,1.574767222365E12
734,1.574767222399E12
734,1.574767222425E12
735,1.57476722246E12
736,1.574767222495E12
737,1.574767222624E12
738,1.574767222755E12
739,1.574767222799E12
740,1.574767222825E12
742,1.57476722285E12
743,1.57476722289E12
744,1.57476722292E12
744,1.574767222976E12
745,1.574767223039E12
746,1.57476722307E12
747,1.574767223098E12
749,1.574767223135E12
750,1.574767223167E12
750,1.574767223201E12
751,1.574767223233E12
752,1.574767223266E12
753,1.574767223352E12
754,1.57476722338E12
755,1.574767223424E12
757,1.574767223457E12
757,1.574767223493E12
758,1.574767223529E12
759,1.574767223572E12
760,1.574767223609E12
761,1.574767223638E12
762,1.574767223663E12
764,1.57476722372E12
764,1.574767223749E12
765,1.57476722382E12
767,1.574767223849E12
767,1.574767223876E12
769,1.574767223949E12
770,1.574767223979E12
770,1.574767224067E12
772,1.57476722411E12
772,1.574767224143E12
774,1.574767224172E12
775,1.574767224323E12
776,1.574767224385E12
776,1.574767224417E12
777,1.574767224442E12
778,1.574767224465E12
780,1.574767224498E12
781,1.574767224529E12
781,1.574767224565E12
782,1.574767224716E12
783,1.574767224747E12
784,1.574767224773E12
785,1.574767224796E12
787,1.57476722482E12
788,1.574767224927E12
788,1.574767224958E12
789,1.574767224985E12
791,1.57476722501E12
792,1.574767225038E12
793,1.574767225071E12
793,1.574767225182E12
794,1.574767225238E12
795,1.574767225269E12
796,1.574767225297E12
797,1.574767225399E12
798,1.574767225436E12
799,1.574767225521E12
800,1.57476722556E12
801,1.57476722559E12
803,1.574767225615E12
804,1.574767225641E12
805,1.574767225663E12
806,1.574767225739E12
807,1.574767225772E12
807,1.574767225824E12
808,1.57476722586E12
809,1.57476722589E12
811,1.574767225917E12
812,1.574767225941E12
813,1.574767225963E12
814,1.574767226055E12
815,1.574767226087E12
815,1.574767226112E12
817,1.574767226136E12
818,1.574767226158E12
819,1.574767226254E12
820,1.574767226313E12
820,1.574767226342E12
821,1.574767226367E12
823,1.574767226452E12
823,1.574767226485E12
824,1.57476722651E12
826,1.574767226607E12
826,1.574767226676E12
827,1.574767226708E12
828,1.574767226737E12
830,1.57476722677E12
831,1.574767226802E12
831,1.574767226896E12
832,1.574767226924E12
833,1.574767226947E12
835,1.574767227005E12
836,1.574767227033E12
836,1.574767227064E12
838,1.574767227123E12
838,1.57476722716E12
839,1.574767227194E12
841,1.574767227224E12
841,1.574767227251E12
842,1.574767227348E12
843,1.574767227384E12
844,1.574767227411E12
846,1.574767227436E12
847,1.574767227461E12
848,1.574767227556E12
849,1.574767227592E12
849,1.574767227622E12
851,1.574767227648E12
852,1.574767227672E12
853,1.574767227696E12
853,1.574767227807E12
854,1.574767227884E12
855,1.574767227921E12
856,1.574767227956E12
858,1.574767227986E12
859,1.574767228012E12
861,1.574767228035E12
862,1.574767228069E12
862,1.574767228101E12
864,1.574767228129E12
864,1.574767228167E12
865,1.5747672282E12
866,1.574767228241E12
867,1.57476722827E12
868,1.574767228296E12
870,1.57476722839E12
870,1.574767228471E12
873,1.574767228571E12
873,1.574767228602E12
875,1.574767228625E12
875,1.574767228676E12
876,1.574767228712E12
878,1.574767228737E12
879,1.57476722876E12
880,1.574767228803E12
880,1.574767228891E12
881,1.574767228918E12
883,1.57476722894E12
884,1.57476722898E12
884,1.57476722902E12
885,1.574767229059E12
886,1.574767229105E12
887,1.574767229141E12
888,1.574767229194E12
889,1.574767229224E12
890,1.574767229258E12
891,1.57476722931E12
892,1.574767229342E12
893,1.574767229368E12
895,1.574767229392E12
895,1.574767229427E12
896,1.574767229491E12
897,1.574767229544E12
898,1.574767229577E12
900,1.574767229602E12
901,1.574767229633E12
901,1.574767229703E12
902,1.574767229734E12
904,1.574767229759E12
906,1.574767229806E12
906,1.574767229827E12
907,1.574767229913E12
908,1.574767229948E12
908,1.574767229974E12
909,1.574767230007E12
911,1.574767230036E12
911,1.574767230065E12
912,1.5747672301E12
913,1.574767230123E12
914,1.574767230159E12
915,1.574767230272E12
916,1.574767230329E12
917,1.574767230366E12
918,1.574767230394E12
920,1.574767230419E12
921,1.574767230441E12
922,1.574767230464E12
923,1.574767230486E12
924,1.574767230522E12
924,1.574767230566E12
925,1.574767230594E12
926,1.574767230621E12
927,1.574767230652E12
928,1.574767230698E12
929,1.574767230815E12
930,1.574767230852E12
931,1.574767230886E12
934,1.574767230911E12
934,1.574767231074E12
935,1.574767231107E12
935,1.57476723113E12
936,1.574767231172E12
938,1.57476723121E12
938,1.574767231272E12
939,1.574767231303E12
940,1.574767231326E12
942,1.574767231367E12
943,1.574767231421E12
943,1.574767231457E12
944,1.574767231503E12
945,1.574767231543E12
946,1.57476723157E12
947,1.574767231614E12
949,1.574767231671E12
949,1.574767231704E12
950,1.574767231733E12
952,1.574767231757E12
953,1.574767231783E12
954,1.574767231927E12
954,1.574767231973E12
955,1.574767232005E12
956,1.574767232029E12
958,1.574767232089E12
959,1.574767232208E12
959,1.574767232248E12
960,1.574767232278E12
963,1.574767232304E12
964,1.574767232329E12
965,1.574767232353E12
965,1.57476723238E12
965,1.574767232425E12
966,1.574767232526E12
967,1.574767232576E12
968,1.574767232614E12
969,1.574767232645E12
971,1.574767232668E12
972,1.574767232691E12
973,1.574767232764E12
974,1.574767232797E12
978,1.574767232928E12
980,1.574767233031E12
980,1.574767233078E12
982,1.574767233115E12
984,1.574767233148E12
985,1.574767233179E12
986,1.574767233207E12
987,1.574767233232E12
988,1.574767233256E12
989,1.574767233279E12
989,1.574767233301E12
990,1.574767233323E12
990,1.574767233344E12
991,1.574767233375E12
992,1.574767233418E12
993,1.57476723344E12
994,1.574767233519E12
995,1.574767233549E12
996,1.574767233633E12
997,1.574767233664E12
999,1.574767233717E12
1000,1.574767233771E12
1000,1.574767233826E12
1001,1.574767233896E12
1002,1.57476723393E12
1003,1.574767233956E12
1005,1.574767233982E12
1006,1.574767234012E12
1007,1.574767234043E12
1007,1.574767234084E12
1008,1.574767234128E12
1009,1.574767234156E12
1010,1.574767234183E12
1012,1.574767234214E12
1013,1.574767234247E12
1013,1.574767234323E12
1014,1.574767234354E12
1015,1.574767234391E12
1017,1.574767234425E12
1017,1.57476723445E12
1018,1.574767234478E12
1019,1.57476723451E12
1020,1.574767234543E12
1021,1.57476723463E12
1022,1.574767234659E12
1023,1.574767234684E12
1024,1.574767234709E12
1026,1.574767234742E12
1026,1.574767234896E12
1027,1.574767234935E12
1028,1.574767234962E12
1030,1.574767234988E12
1032,1.574767235012E12
1033,1.574767235033E12
1034,1.574767235056E12
1034,1.574767235083E12
1035,1.574767235114E12
1035,1.57476723514E12
1036,1.574767235212E12
1037,1.57476723524E12
1038,1.574767235362E12
1040,1.574767235394E12
1040,1.574767235426E12
1042,1.574767235454E12
1043,1.574767235479E12
1044,1.574767235503E12
1045,1.574767235555E12
1045,1.574767235593E12
1046,1.574767235623E12
1047,1.574767235648E12
1049,1.574767235673E12
1050,1.574767235712E12
1050,1.574767235811E12
1051,1.574767235855E12
1052,1.574767235886E12
1053,1.574767235916E12
1055,1.574767235944E12
