6,1.574774405497E12
7,1.57477440553E12
8,1.574774405557E12
9,1.574774405595E12
10,1.574774405629E12
11,1.574774405664E12
12,1.574774405692E12
13,1.574774405729E12
14,1.57477440576E12
15,1.574774405792E12
16,1.574774405831E12
17,1.57477440586E12
18,1.574774405894E12
19,1.574774405931E12
20,1.574774405965E12
21,1.574774405994E12
22,1.57477440603E12
23,1.574774406071E12
24,1.574774406106E12
25,1.574774406143E12
26,1.574774406198E12
27,1.574774406226E12
28,1.574774406245E12
29,1.57477440628E12
30,1.574774406315E12
32,1.574774406356E12
32,1.574774406385E12
33,1.574774406429E12
34,1.574774406454E12
35,1.574774406486E12
36,1.574774406527E12
37,1.574774406547E12
38,1.574774406582E12
39,1.574774406627E12
40,1.574774406648E12
41,1.57477440669E12
42,1.57477440672E12
43,1.574774406766E12
44,1.574774406834E12
45,1.574774406882E12
46,1.574774406904E12
47,1.574774406921E12
48,1.574774406952E12
50,1.574774406985E12
51,1.574774407021E12
51,1.574774407067E12
52,1.574774407085E12
53,1.574774407112E12
54,1.574774407151E12
55,1.574774407187E12
56,1.574774407224E12
57,1.57477440726E12
58,1.574774407301E12
59,1.574774407332E12
60,1.574774407371E12
61,1.574774407391E12
62,1.574774407424E12
63,1.574774407465E12
65,1.574774407495E12
65,1.574774407523E12
66,1.574774407562E12
67,1.574774407593E12
68,1.574774407629E12
69,1.574774407665E12
70,1.574774407698E12
71,1.574774407736E12
72,1.574774407771E12
73,1.574774407794E12
74,1.574774407834E12
75,1.57477440787E12
76,1.574774407901E12
77,1.574774407929E12
78,1.574774407966E12
79,1.574774407997E12
80,1.574774408057E12
81,1.574774408102E12
82,1.574774408147E12
83,1.574774408175E12
84,1.574774408206E12
85,1.574774408242E12
86,1.574774408268E12
87,1.574774408344E12
88,1.57477440837E12
89,1.5747744084E12
90,1.574774408429E12
91,1.574774408472E12
92,1.57477440851E12
93,1.574774408539E12
94,1.574774408579E12
95,1.574774408616E12
96,1.574774408641E12
97,1.57477440867E12
98,1.57477440871E12
99,1.57477440875E12
100,1.574774408779E12
101,1.574774408808E12
102,1.574774408846E12
103,1.574774408896E12
104,1.574774408918E12
105,1.574774408943E12
106,1.574774408968E12
108,1.574774409007E12
108,1.574774409053E12
109,1.574774409083E12
110,1.574774409109E12
111,1.574774409146E12
112,1.57477440918E12
113,1.574774409259E12
114,1.574774409297E12
115,1.574774409325E12
116,1.574774409353E12
117,1.574774409376E12
119,1.574774409417E12
119,1.574774409451E12
120,1.574774409481E12
121,1.574774409514E12
122,1.574774409551E12
123,1.574774409577E12
124,1.574774409608E12
125,1.574774409643E12
126,1.574774409686E12
127,1.574774409709E12
128,1.574774409747E12
129,1.574774409789E12
130,1.574774409816E12
131,1.574774409855E12
132,1.574774409888E12
133,1.574774409919E12
134,1.574774409948E12
135,1.574774409987E12
136,1.574774410015E12
137,1.574774410046E12
138,1.574774410079E12
139,1.574774410107E12
140,1.574774410149E12
141,1.574774410182E12
142,1.574774410212E12
143,1.574774410251E12
144,1.574774410279E12
145,1.574774410318E12
146,1.574774410364E12
147,1.574774410397E12
148,1.574774410433E12
149,1.57477441046E12
150,1.574774410494E12
151,1.574774410525E12
152,1.574774410564E12
153,1.574774410595E12
154,1.574774410623E12
155,1.574774410662E12
156,1.574774410694E12
157,1.57477441072E12
158,1.574774410758E12
159,1.5747744108E12
160,1.57477441083E12
161,1.574774410857E12
162,1.574774410897E12
163,1.574774410926E12
164,1.574774410948E12
165,1.57477441098E12
166,1.57477441104E12
167,1.574774411063E12
168,1.574774411092E12
169,1.574774411119E12
170,1.574774411183E12
171,1.574774411211E12
172,1.574774411235E12
173,1.574774411262E12
175,1.57477441129E12
176,1.574774411338E12
176,1.574774411366E12
177,1.574774411385E12
178,1.574774411431E12
179,1.57477441146E12
180,1.574774411502E12
181,1.574774411529E12
182,1.574774411558E12
183,1.574774411597E12
184,1.574774411624E12
185,1.574774411671E12
186,1.5747744117E12
187,1.574774411734E12
188,1.574774411764E12
189,1.574774411806E12
190,1.574774411832E12
191,1.574774411864E12
192,1.574774411913E12
193,1.574774411934E12
194,1.574774411965E12
195,1.57477441199E12
196,1.574774412035E12
197,1.574774412081E12
198,1.574774412104E12
199,1.574774412133E12
200,1.574774412174E12
201,1.574774412206E12
202,1.574774412234E12
203,1.574774412262E12
204,1.574774412326E12
205,1.574774412351E12
206,1.574774412375E12
207,1.574774412406E12
209,1.57477441244E12
209,1.574774412469E12
210,1.574774412514E12
211,1.574774412543E12
212,1.574774412578E12
213,1.574774412606E12
214,1.574774412634E12
215,1.574774412674E12
216,1.574774412717E12
217,1.574774412745E12
218,1.574774412777E12
219,1.57477441281E12
220,1.574774412841E12
221,1.574774412884E12
222,1.574774412913E12
223,1.574774412933E12
224,1.57477441296E12
225,1.574774412995E12
226,1.574774413046E12
227,1.57477441308E12
228,1.574774413116E12
229,1.574774413145E12
230,1.574774413177E12
231,1.574774413211E12
232,1.574774413249E12
233,1.57477441328E12
234,1.574774413315E12
235,1.574774413345E12
236,1.574774413383E12
237,1.574774413416E12
238,1.574774413446E12
239,1.574774413486E12
240,1.574774413517E12
241,1.574774413542E12
242,1.574774413589E12
243,1.574774413618E12
244,1.574774413645E12
245,1.57477441368E12
246,1.574774413718E12
247,1.57477441374E12
248,1.574774413826E12
249,1.574774413856E12
251,1.574774413892E12
251,1.574774413923E12
252,1.574774413956E12
253,1.574774414036E12
254,1.574774414074E12
255,1.574774414113E12
256,1.574774414155E12
257,1.574774414192E12
258,1.57477441421E12
259,1.57477441424E12
260,1.574774414271E12
261,1.574774414344E12
262,1.574774414378E12
263,1.574774414399E12
264,1.574774414435E12
265,1.574774414475E12
266,1.574774414512E12
267,1.574774414546E12
268,1.574774414574E12
269,1.574774414602E12
270,1.574774414642E12
271,1.57477441467E12
272,1.574774414711E12
273,1.574774414756E12
274,1.574774414784E12
275,1.574774414804E12
276,1.574774414843E12
277,1.574774414871E12
278,1.574774414918E12
279,1.574774414944E12
280,1.574774414971E12
281,1.574774415017E12
282,1.57477441506E12
283,1.57477441508E12
284,1.574774415104E12
285,1.57477441514E12
286,1.574774415175E12
287,1.574774415212E12
288,1.574774415246E12
289,1.574774415288E12
290,1.574774415303E12
291,1.574774415338E12
292,1.574774415377E12
293,1.574774415411E12
294,1.574774415444E12
295,1.574774415477E12
296,1.574774415514E12
297,1.574774415558E12
298,1.574774415581E12
299,1.57477441561E12
300,1.574774415644E12
301,1.574774415679E12
303,1.574774415716E12
304,1.574774415748E12
305,1.574774415779E12
306,1.574774415823E12
307,1.574774415848E12
308,1.574774415886E12
309,1.574774415922E12
310,1.574774415945E12
312,1.574774416073E12
313,1.574774416095E12
314,1.574774416123E12
315,1.57477441615E12
317,1.57477441619E12
317,1.574774416217E12
318,1.574774416294E12
319,1.574774416326E12
320,1.574774416358E12
321,1.574774416383E12
322,1.574774416425E12
323,1.574774416495E12
324,1.574774416528E12
325,1.574774416549E12
326,1.574774416593E12
327,1.57477441664E12
328,1.574774416661E12
329,1.574774416693E12
330,1.57477441672E12
332,1.574774416759E12
332,1.574774416786E12
333,1.574774416815E12
334,1.574774416853E12
335,1.574774416909E12
336,1.574774416929E12
337,1.574774416956E12
338,1.574774416985E12
339,1.574774417019E12
340,1.574774417069E12
341,1.574774417086E12
342,1.574774417118E12
343,1.574774417155E12
344,1.574774417191E12
345,1.574774417224E12
346,1.574774417258E12
347,1.574774417289E12
348,1.574774417325E12
349,1.574774417356E12
350,1.574774417404E12
351,1.574774417447E12
352,1.574774417466E12
353,1.574774417489E12
354,1.574774417531E12
355,1.574774417559E12
356,1.57477441761E12
357,1.574774417632E12
358,1.574774417657E12
359,1.574774417692E12
360,1.574774417727E12
361,1.574774417756E12
362,1.574774417795E12
363,1.574774417833E12
364,1.574774417861E12
365,1.574774417898E12
366,1.574774417928E12
367,1.574774417974E12
368,1.574774417994E12
369,1.574774418031E12
370,1.574774418065E12
371,1.574774418101E12
372,1.574774418133E12
373,1.574774418175E12
374,1.574774418196E12
375,1.574774418232E12
376,1.574774418266E12
377,1.574774418302E12
378,1.574774418331E12
379,1.574774418373E12
380,1.574774418402E12
381,1.574774418439E12
382,1.574774418471E12
383,1.574774418516E12
384,1.574774418566E12
385,1.57477441859E12
386,1.57477441861E12
387,1.574774418648E12
388,1.574774418682E12
389,1.574774418716E12
390,1.574774418752E12
391,1.574774418788E12
392,1.574774418823E12
393,1.574774418855E12
394,1.574774418878E12
395,1.574774418921E12
396,1.574774418953E12
398,1.574774418975E12
398,1.574774419002E12
399,1.574774419037E12
400,1.57477441907E12
401,1.574774419106E12
402,1.574774419138E12
403,1.574774419171E12
404,1.574774419208E12
405,1.574774419239E12
406,1.574774419278E12
407,1.574774419314E12
408,1.574774419342E12
409,1.574774419381E12
410,1.574774419415E12
411,1.574774419448E12
412,1.574774419496E12
413,1.574774419517E12
414,1.574774419538E12
415,1.574774419573E12
416,1.574774419617E12
417,1.57477441965E12
418,1.574774419673E12
419,1.574774419711E12
420,1.574774419743E12
421,1.574774419783E12
422,1.57477441981E12
423,1.57477441985E12
424,1.574774419879E12
425,1.574774419917E12
426,1.574774419946E12
427,1.574774419975E12
428,1.574774420034E12
429,1.574774420077E12
430,1.574774420113E12
431,1.574774420151E12
432,1.574774420178E12
433,1.574774420213E12
434,1.574774420244E12
435,1.574774420282E12
436,1.574774420309E12
437,1.574774420348E12
438,1.574774420387E12
439,1.574774420413E12
440,1.574774420456E12
441,1.574774420489E12
442,1.574774420511E12
443,1.574774420557E12
444,1.574774420585E12
445,1.574774420626E12
446,1.574774420647E12
447,1.574774420679E12
448,1.574774420714E12
449,1.574774420747E12
450,1.574774420782E12
451,1.574774420842E12
452,1.574774420859E12
453,1.574774420889E12
454,1.574774420916E12
456,1.574774420962E12
456,1.574774420988E12
457,1.574774421016E12
458,1.57477442106E12
459,1.574774421139E12
460,1.574774421167E12
461,1.574774421189E12
462,1.574774421223E12
463,1.574774421252E12
464,1.574774421291E12
465,1.574774421323E12
466,1.574774421354E12
467,1.574774421389E12
468,1.57477442142E12
469,1.574774421455E12
470,1.57477442149E12
471,1.57477442153E12
472,1.574774421564E12
473,1.57477442159E12
474,1.574774421632E12
475,1.574774421665E12
476,1.574774421696E12
477,1.574774421724E12
478,1.574774421763E12
479,1.57477442179E12
480,1.574774421836E12
481,1.574774421901E12
482,1.574774421928E12
483,1.57477442197E12
484,1.574774421997E12
485,1.574774422037E12
486,1.57477442211E12
128,1.574774575507E12
480,1.574774587465E12
6,1.574774676335E12
7,1.574774676789E12
