0,1.574943664987E12
1,1.574943665371E12
2,1.5749436654E12
3,1.574943665437E12
4,1.57494366547E12
5,1.574943665504E12
6,1.574943665554E12
7,1.574943665581E12
8,1.574943665613E12
9,1.574943665653E12
10,1.574943665688E12
11,1.574943665717E12
12,1.574943665749E12
13,1.574943665783E12
14,1.574943665817E12
15,1.57494366585E12
16,1.574943665882E12
17,1.574943665918E12
18,1.574943665951E12
19,1.574943665983E12
20,1.574943666017E12
21,1.57494366605E12
22,1.574943666084E12
23,1.57494366612E12
24,1.574943666151E12
25,1.574943666189E12
26,1.574943666218E12
27,1.574943666253E12
28,1.574943666293E12
29,1.574943666327E12
30,1.574943666369E12
31,1.574943666414E12
32,1.574943666437E12
33,1.574943666477E12
34,1.5749436665E12
35,1.574943666544E12
36,1.574943666579E12
37,1.574943666616E12
38,1.574943666649E12
39,1.574943666684E12
40,1.574943666708E12
41,1.574943666742E12
42,1.574943666779E12
43,1.574943666818E12
44,1.574943666846E12
45,1.574943666879E12
46,1.574943666906E12
47,1.574943666937E12
48,1.574943666978E12
49,1.574943667028E12
50,1.574943667056E12
51,1.574943667079E12
52,1.574943667113E12
53,1.574943667158E12
54,1.574943667183E12
55,1.574943667212E12
57,1.574943667268E12
57,1.574943667282E12
58,1.574943667302E12
59,1.574943667331E12
60,1.574943667369E12
61,1.57494366741E12
62,1.57494366744E12
63,1.57494366748E12
64,1.574943667506E12
65,1.574943667537E12
66,1.574943667576E12
67,1.574943667606E12
68,1.574943667638E12
69,1.574943667672E12
70,1.57494366771E12
71,1.574943667743E12
72,1.574943667776E12
73,1.574943667806E12
0,1.574943671718E12
1,1.574943672091E12
2,1.57494367212E12
3,1.574943672157E12
4,1.57494367219E12
5,1.574943672225E12
6,1.574943672277E12
7,1.574943672301E12
8,1.574943672335E12
9,1.574943672373E12
10,1.574943672406E12
11,1.574943672436E12
12,1.574943672472E12
13,1.574943672507E12
14,1.574943672537E12
15,1.574943672572E12
16,1.574943672604E12
17,1.57494367264E12
18,1.574943672675E12
19,1.574943672705E12
20,1.57494367274E12
21,1.574943672772E12
22,1.574943672806E12
23,1.574943672839E12
24,1.574943672874E12
25,1.57494367291E12
26,1.574943672945E12
27,1.574943672974E12
28,1.574943673012E12
29,1.574943673053E12
30,1.574943673094E12
31,1.574943673123E12
32,1.574943673155E12
33,1.574943673196E12
34,1.57494367324E12
35,1.57494367327E12
36,1.5749436733E12
37,1.57494367333E12
38,1.574943673358E12
39,1.574943673392E12
40,1.574943673431E12
41,1.574943673461E12
42,1.574943673493E12
43,1.574943673537E12
44,1.574943673574E12
45,1.574943673607E12
46,1.574943673628E12
47,1.574943673662E12
48,1.574943673692E12
49,1.574943673733E12
51,1.57494367379E12
51,1.574943673808E12
52,1.574943673833E12
53,1.574943673865E12
54,1.574943673904E12
55,1.574943673937E12
56,1.574943673963E12
57,1.574943673996E12
58,1.574943674028E12
59,1.574943674059E12
60,1.574943674101E12
61,1.574943674135E12
62,1.574943674164E12
63,1.574943674209E12
64,1.574943674239E12
65,1.574943674278E12
66,1.5749436743E12
67,1.574943674325E12
68,1.574943674356E12
69,1.574943674392E12
70,1.574943674429E12
71,1.574943674459E12
72,1.574943674493E12
73,1.57494367453E12
74,1.574943674565E12
75,1.574943674596E12
76,1.574943674631E12
77,1.574943674661E12
78,1.574943674697E12
79,1.574943674735E12
80,1.574943674768E12
81,1.574943674797E12
82,1.574943674831E12
83,1.574943674861E12
84,1.574943674896E12
85,1.574943674932E12
86,1.574943674973E12
87,1.574943675E12
88,1.574943675033E12
89,1.574943675074E12
90,1.574943675106E12
91,1.574943675131E12
92,1.574943675167E12
93,1.574943675197E12
94,1.574943675234E12
95,1.57494367527E12
96,1.57494367531E12
97,1.574943675336E12
98,1.574943675378E12
99,1.574943675404E12
100,1.574943675445E12
101,1.574943675467E12
102,1.5749436755E12
103,1.574943675534E12
104,1.574943675625E12
105,1.574943675643E12
106,1.574943675666E12
107,1.574943675703E12
108,1.574943675737E12
109,1.574943675783E12
110,1.574943675807E12
111,1.574943675849E12
112,1.574943675881E12
113,1.574943675912E12
114,1.574943675948E12
115,1.574943675974E12
116,1.574943676018E12
117,1.574943676042E12
118,1.574943676083E12
119,1.57494367611E12
120,1.574943676148E12
121,1.574943676173E12
122,1.574943676207E12
123,1.574943676241E12
124,1.574943676282E12
125,1.574943676308E12
126,1.57494367635E12
127,1.574943676379E12
128,1.574943676433E12
129,1.574943676456E12
130,1.574943676482E12
131,1.574943676511E12
132,1.574943676554E12
133,1.574943676578E12
134,1.574943676609E12
135,1.574943676642E12
136,1.574943676681E12
137,1.574943676735E12
138,1.574943676752E12
139,1.574943676785E12
140,1.574943676816E12
141,1.574943676851E12
142,1.574943676889E12
143,1.574943676922E12
144,1.574943676955E12
145,1.574943676993E12
146,1.574943677017E12
147,1.57494367705E12
148,1.57494367709E12
149,1.574943677125E12
150,1.574943677148E12
151,1.574943677183E12
152,1.574943677217E12
153,1.574943677262E12
154,1.574943677291E12
155,1.574943677323E12
156,1.57494367735E12
157,1.574943677393E12
158,1.574943677428E12
159,1.574943677455E12
160,1.574943677491E12
161,1.574943677521E12
162,1.574943677561E12
163,1.574943677586E12
164,1.574943677623E12
165,1.574943677654E12
166,1.574943677702E12
167,1.574943677727E12
168,1.574943677754E12
169,1.574943677803E12
170,1.574943677828E12
171,1.574943677858E12
172,1.574943677898E12
173,1.574943677925E12
174,1.574943677962E12
175,1.574943677996E12
176,1.574943678025E12
177,1.574943678066E12
178,1.574943678087E12
179,1.574943678131E12
180,1.574943678158E12
181,1.574943678201E12
182,1.574943678225E12
183,1.574943678262E12
184,1.574943678288E12
186,1.574943678352E12
186,1.574943678372E12
187,1.574943678391E12
188,1.574943678431E12
189,1.574943678463E12
190,1.574943678498E12
191,1.574943678528E12
192,1.574943678567E12
193,1.574943678593E12
194,1.574943678649E12
195,1.574943678671E12
196,1.574943678716E12
197,1.574943678749E12
198,1.574943678774E12
199,1.574943678813E12
201,1.574943678847E12
201,1.574943678866E12
202,1.574943678911E12
203,1.574943678941E12
205,1.574943679002E12
206,1.574943679029E12
206,1.574943679051E12
207,1.574943679072E12
208,1.574943679105E12
209,1.57494367915E12
210,1.574943679181E12
211,1.574943679219E12
212,1.574943679252E12
213,1.57494367928E12
214,1.574943679323E12
215,1.574943679349E12
216,1.574943679386E12
217,1.574943679417E12
218,1.574943679447E12
219,1.574943679483E12
220,1.574943679519E12
221,1.574943679546E12
222,1.574943679586E12
223,1.574943679613E12
225,1.574943679656E12
225,1.574943679678E12
226,1.574943679721E12
227,1.57494367976E12
228,1.57494367978E12
229,1.574943679812E12
231,1.574943679865E12
231,1.574943679883E12
232,1.574943679924E12
233,1.57494367995E12
234,1.574943679988E12
236,1.574943680074E12
236,1.5749436801E12
237,1.57494368016E12
238,1.574943680192E12
239,1.574943680223E12
240,1.574943680258E12
241,1.574943680293E12
242,1.574943680322E12
243,1.574943680355E12
244,1.574943680389E12
245,1.574943680423E12
246,1.574943680464E12
247,1.574943680492E12
248,1.574943680522E12
249,1.574943680554E12
250,1.5749436806E12
251,1.574943680633E12
252,1.574943680671E12
253,1.574943680697E12
254,1.574943680725E12
255,1.574943680758E12
256,1.574943680796E12
257,1.574943680824E12
258,1.574943680857E12
259,1.574943680893E12
260,1.574943680929E12
261,1.574943680964E12
263,1.574943681026E12
264,1.574943681053E12
264,1.574943681073E12
265,1.57494368109E12
266,1.574943681121E12
267,1.574943681153E12
268,1.574943681201E12
269,1.574943681234E12
270,1.574943681269E12
271,1.574943681301E12
272,1.574943681332E12
273,1.574943681368E12
274,1.574943681402E12
275,1.574943681435E12
276,1.574943681466E12
277,1.574943681512E12
278,1.574943681534E12
279,1.574943681558E12
280,1.574943681596E12
281,1.574943681633E12
282,1.574943681668E12
283,1.574943681704E12
284,1.574943681733E12
285,1.574943681782E12
286,1.574943681839E12
287,1.574943681872E12
288,1.574943681901E12
289,1.574943681924E12
290,1.574943681969E12
291,1.574943682004E12
293,1.574943682045E12
293,1.574943682065E12
294,1.574943682106E12
295,1.574943682139E12
296,1.574943682169E12
297,1.574943682204E12
298,1.574943682232E12
299,1.574943682276E12
300,1.574943682308E12
301,1.574943682336E12
302,1.574943682367E12
303,1.574943682407E12
304,1.574943682441E12
305,1.574943682467E12
306,1.574943682507E12
308,1.57494368255E12
308,1.574943682571E12
309,1.574943682606E12
310,1.574943682634E12
311,1.574943682678E12
312,1.57494368271E12
313,1.574943682743E12
314,1.574943682773E12
315,1.574943682811E12
316,1.574943682841E12
317,1.574943682879E12
318,1.574943682914E12
319,1.574943682942E12
320,1.574943682976E12
321,1.574943683015E12
322,1.574943683046E12
323,1.574943683124E12
324,1.574943683147E12
325,1.574943683182E12
326,1.574943683213E12
327,1.574943683242E12
328,1.574943683278E12
329,1.574943683315E12
330,1.574943683345E12
331,1.574943683384E12
332,1.574943683416E12
333,1.57494368345E12
334,1.574943683489E12
335,1.574943683516E12
336,1.574943683543E12
337,1.574943683573E12
338,1.574943683622E12
339,1.574943683649E12
340,1.574943683681E12
341,1.574943683718E12
342,1.574943683755E12
343,1.574943683789E12
344,1.57494368382E12
345,1.574943683847E12
346,1.574943683875E12
347,1.574943683915E12
348,1.574943683951E12
350,1.574943684034E12
351,1.574943684059E12
351,1.574943684081E12
352,1.574943684111E12
353,1.574943684157E12
354,1.574943684186E12
355,1.57494368422E12
356,1.574943684251E12
357,1.574943684285E12
358,1.574943684347E12
359,1.574943684386E12
360,1.574943684416E12
361,1.574943684446E12
362,1.574943684481E12
363,1.574943684515E12
365,1.574943684564E12
365,1.574943684588E12
366,1.574943684614E12
367,1.574943684651E12
368,1.574943684691E12
369,1.57494368473E12
370,1.574943684757E12
371,1.57494368479E12
372,1.574943684826E12
373,1.57494368486E12
374,1.574943684891E12
375,1.574943684917E12
376,1.574943684963E12
377,1.574943684992E12
378,1.57494368503E12
379,1.574943685053E12
380,1.574943685088E12
381,1.574943685109E12
382,1.574943685147E12
383,1.574943685186E12
384,1.574943685213E12
385,1.574943685257E12
386,1.574943685297E12
387,1.574943685338E12
388,1.574943685369E12
389,1.574943685396E12
390,1.574943685429E12
392,1.574943685511E12
392,1.574943685535E12
394,1.574943685567E12
394,1.574943685585E12
395,1.574943685622E12
396,1.574943685658E12
397,1.574943685708E12
398,1.574943685734E12
399,1.574943685772E12
400,1.574943685792E12
401,1.574943685829E12
402,1.574943685862E12
404,1.574943685913E12
404,1.574943685935E12
405,1.574943685965E12
406,1.574943685991E12
407,1.574943686039E12
408,1.574943686077E12
409,1.574943686115E12
410,1.57494368614E12
411,1.574943686213E12
413,1.574943686246E12
413,1.574943686271E12
414,1.574943686308E12
415,1.574943686328E12
416,1.574943686364E12
417,1.574943686397E12
418,1.574943686437E12
419,1.574943686474E12
420,1.574943686503E12
421,1.574943686527E12
422,1.574943686554E12
423,1.574943686588E12
424,1.574943686623E12
425,1.574943686658E12
426,1.574943686689E12
427,1.574943686732E12
428,1.574943686763E12
429,1.5749436868E12
430,1.574943686826E12
431,1.574943686857E12
432,1.574943686891E12
433,1.574943686924E12
434,1.574943686959E12
435,1.574943687001E12
436,1.574943687046E12
437,1.574943687065E12
439,1.57494368711E12
439,1.574943687126E12
440,1.574943687155E12
0,1.574943705155E12
1,1.574943705516E12
2,1.574943705541E12
3,1.574943705577E12
4,1.574943705612E12
5,1.574943705645E12
6,1.574943705699E12
7,1.574943705723E12
8,1.574943705757E12
9,1.57494370579E12
10,1.574943705831E12
11,1.574943705861E12
12,1.574943705896E12
13,1.574943705929E12
14,1.574943705962E12
15,1.574943705992E12
16,1.574943706029E12
17,1.574943706063E12
18,1.574943706093E12
19,1.574943706125E12
20,1.57494370616E12
21,1.574943706193E12
22,1.574943706231E12
23,1.574943706264E12
24,1.574943706293E12
25,1.57494370633E12
26,1.574943706364E12
27,1.574943706395E12
28,1.574943706431E12
29,1.574943706468E12
30,1.574943706508E12
31,1.57494370654E12
32,1.574943706583E12
33,1.574943706611E12
34,1.574943706661E12
35,1.574943706706E12
36,1.574943706726E12
37,1.574943706754E12
38,1.574943706786E12
39,1.574943706827E12
40,1.574943706853E12
41,1.574943706894E12
42,1.57494370692E12
43,1.574943706964E12
44,1.574943706991E12
45,1.574943707043E12
46,1.574943707064E12
47,1.57494370709E12
48,1.574943707124E12
49,1.574943707171E12
50,1.5749437072E12
51,1.574943707225E12
52,1.574943707251E12
53,1.57494370729E12
54,1.574943707324E12
55,1.574943707365E12
56,1.574943707392E12
57,1.574943707423E12
58,1.574943707448E12
59,1.574943707477E12
60,1.574943707524E12
61,1.574943707566E12
62,1.574943707601E12
63,1.574943707626E12
64,1.57494370766E12
65,1.574943707692E12
66,1.574943707734E12
67,1.574943707762E12
68,1.574943707793E12
69,1.574943707829E12
70,1.574943707874E12
71,1.574943707905E12
72,1.574943707927E12
73,1.574943707972E12
74,1.574943708003E12
75,1.574943708039E12
76,1.574943708068E12
77,1.574943708102E12
78,1.574943708134E12
79,1.574943708183E12
80,1.574943708213E12
81,1.574943708235E12
82,1.574943708256E12
83,1.574943708305E12
84,1.574943708329E12
85,1.574943708368E12
86,1.574943708399E12
87,1.574943708434E12
88,1.574943708483E12
89,1.574943708504E12
90,1.574943708539E12
91,1.574943708564E12
92,1.574943708602E12
93,1.574943708649E12
94,1.574943708676E12
95,1.574943708709E12
96,1.574943708732E12
97,1.574943708767E12
98,1.574943708808E12
99,1.574943708831E12
101,1.574943708888E12
101,1.574943708907E12
102,1.574943708933E12
103,1.57494370897E12
105,1.574943709023E12
105,1.574943709043E12
106,1.574943709083E12
107,1.574943709112E12
108,1.57494370915E12
109,1.57494370917E12
110,1.574943709193E12
111,1.574943709226E12
112,1.574943709257E12
113,1.574943709293E12
114,1.57494370933E12
115,1.574943709372E12
116,1.574943709399E12
117,1.574943709445E12
118,1.574943709462E12
119,1.574943709499E12
120,1.574943709528E12
121,1.574943709565E12
122,1.574943709595E12
123,1.57494370963E12
124,1.574943709665E12
125,1.574943709715E12
126,1.57494370974E12
127,1.574943709764E12
128,1.574943709809E12
129,1.574943709832E12
130,1.574943709868E12
131,1.574943709899E12
132,1.574943709934E12
133,1.574943709967E12
134,1.574943710006E12
135,1.574943710031E12
136,1.574943710069E12
137,1.574943710098E12
138,1.574943710135E12
139,1.574943710166E12
140,1.574943710211E12
142,1.57494371026E12
142,1.574943710278E12
143,1.574943710307E12
144,1.574943710341E12
145,1.574943710369E12
146,1.57494371041E12
147,1.574943710442E12
148,1.574943710469E12
149,1.574943710511E12
150,1.57494371054E12
151,1.574943710574E12
152,1.574943710605E12
153,1.574943710637E12
154,1.574943710674E12
155,1.574943710704E12
156,1.574943710746E12
157,1.574943710784E12
158,1.574943710814E12
159,1.574943710845E12
160,1.574943710879E12
161,1.57494371091E12
162,1.57494371094E12
163,1.57494371098E12
164,1.574943711006E12
166,1.574943711073E12
166,1.574943711091E12
167,1.574943711127E12
168,1.574943711151E12
169,1.574943711173E12
170,1.57494371121E12
171,1.574943711282E12
172,1.574943711344E12
173,1.574943711382E12
174,1.57494371141E12
175,1.574943711452E12
176,1.574943711477E12
177,1.574943711519E12
178,1.574943711547E12
179,1.574943711577E12
180,1.574943711655E12
181,1.574943711687E12
182,1.574943711719E12
183,1.574943711756E12
184,1.574943711781E12
185,1.574943711814E12
186,1.574943711846E12
187,1.57494371189E12
188,1.57494371192E12
189,1.574943711949E12
190,1.574943711988E12
191,1.574943712022E12
192,1.574943712055E12
193,1.574943712083E12
194,1.574943712118E12
195,1.57494371215E12
196,1.57494371219E12
197,1.574943712226E12
198,1.574943712255E12
199,1.574943712285E12
200,1.574943712324E12
201,1.574943712356E12
202,1.574943712393E12
203,1.574943712417E12
204,1.574943712459E12
206,1.574943712509E12
206,1.574943712526E12
207,1.574943712548E12
208,1.57494371259E12
209,1.574943712617E12
210,1.574943712658E12
211,1.574943712688E12
212,1.574943712728E12
213,1.574943712758E12
214,1.574943712787E12
215,1.574943712826E12
216,1.574943712859E12
217,1.574943712889E12
218,1.574943712929E12
219,1.574943712952E12
220,1.574943712994E12
221,1.574943713028E12
222,1.574943713061E12
223,1.57494371309E12
224,1.574943713126E12
225,1.574943713156E12
226,1.574943713197E12
227,1.574943713225E12
228,1.574943713264E12
229,1.574943713293E12
230,1.57494371333E12
231,1.57494371336E12
232,1.574943713432E12
233,1.574943713464E12
234,1.574943713491E12
235,1.574943713533E12
236,1.574943713564E12
237,1.574943713598E12
238,1.574943713623E12
239,1.574943713664E12
240,1.574943713693E12
241,1.574943713736E12
242,1.574943713761E12
243,1.574943713802E12
244,1.574943713848E12
245,1.574943713866E12
246,1.574943713898E12
247,1.574943713935E12
248,1.574943713965E12
249,1.574943713995E12
250,1.574943714031E12
251,1.574943714063E12
252,1.5749437141E12
253,1.574943714137E12
254,1.574943714165E12
255,1.574943714205E12
256,1.574943714231E12
257,1.574943714274E12
258,1.574943714301E12
259,1.57494371434E12
260,1.574943714378E12
261,1.574943714408E12
262,1.57494371444E12
263,1.574943714468E12
264,1.574943714508E12
265,1.574943714534E12
266,1.574943714571E12
267,1.574943714603E12
269,1.574943714655E12
269,1.574943714673E12
270,1.574943714707E12
271,1.574943714737E12
272,1.57494371477E12
273,1.574943714812E12
274,1.574943714842E12
275,1.574943714869E12
277,1.574943714967E12
277,1.574943714987E12
278,1.57494371501E12
279,1.574943715035E12
280,1.574943715079E12
281,1.574943715109E12
282,1.574943715137E12
283,1.574943715175E12
284,1.574943715216E12
285,1.57494371524E12
286,1.574943715307E12
287,1.574943715339E12
288,1.574943715378E12
289,1.574943715417E12
290,1.574943715451E12
291,1.574943715489E12
292,1.574943715522E12
293,1.574943715555E12
294,1.574943715589E12
295,1.574943715624E12
296,1.574943715644E12
297,1.574943715684E12
298,1.57494371572E12
299,1.574943715755E12
300,1.574943715801E12
301,1.574943715836E12
302,1.57494371587E12
303,1.574943715896E12
305,1.574943715941E12
305,1.574943715962E12
306,1.574943715986E12
307,1.574943716019E12
308,1.574943716054E12
309,1.574943716094E12
310,1.574943716134E12
311,1.574943716169E12
312,1.574943716195E12
313,1.574943716233E12
314,1.574943716264E12
315,1.574943716289E12
316,1.574943716324E12
317,1.574943716354E12
318,1.574943716397E12
319,1.574943716436E12
320,1.574943716466E12
321,1.574943716514E12
322,1.57494371654E12
323,1.574943716573E12
325,1.574943716618E12
325,1.574943716643E12
326,1.574943716669E12
327,1.574943716696E12
328,1.57494371674E12
330,1.574943716778E12
330,1.574943716804E12
331,1.574943716836E12
332,1.574943716862E12
333,1.574943716907E12
334,1.574943716944E12
335,1.574943716971E12
336,1.574943716997E12
337,1.574943717036E12
338,1.574943717079E12
340,1.574943717111E12
340,1.574943717136E12
341,1.574943717169E12
342,1.574943717201E12
343,1.574943717241E12
344,1.574943717277E12
345,1.574943717305E12
346,1.57494371734E12
347,1.574943717369E12
348,1.574943717403E12
349,1.57494371744E12
350,1.574943717479E12
351,1.574943717512E12
352,1.574943717539E12
353,1.57494371758E12
354,1.574943717615E12
355,1.574943717639E12
356,1.574943717672E12
357,1.574943717715E12
358,1.574943717746E12
359,1.574943717781E12
360,1.574943717808E12
361,1.574943717846E12
362,1.574943717875E12
363,1.574943717915E12
365,1.574943717955E12
365,1.574943717979E12
366,1.574943718001E12
367,1.574943718031E12
368,1.574943718071E12
369,1.574943718111E12
370,1.574943718155E12
371,1.574943718181E12
372,1.574943718216E12
373,1.574943718239E12
374,1.574943718279E12
375,1.57494371831E12
376,1.574943718343E12
378,1.574943718399E12
379,1.574943718421E12
379,1.574943718438E12
381,1.574943718534E12
381,1.574943718556E12
382,1.574943718585E12
383,1.574943718606E12
384,1.574943718641E12
385,1.574943718673E12
386,1.574943718718E12
388,1.574943718768E12
388,1.574943718794E12
389,1.574943718823E12
391,1.574943718861E12
391,1.57494371888E12
392,1.574943718907E12
393,1.574943718945E12
394,1.574943718965E12
395,1.574943718999E12
396,1.574943719034E12
397,1.574943719069E12
398,1.574943719105E12
399,1.574943719135E12
400,1.574943719171E12
401,1.574943719207E12
402,1.574943719243E12
403,1.57494371927E12
404,1.574943719301E12
405,1.574943719346E12
406,1.57494371937E12
407,1.574943719407E12
408,1.574943719445E12
409,1.574943719477E12
410,1.574943719512E12
411,1.57494371954E12
412,1.574943719571E12
413,1.574943719609E12
414,1.574943719638E12
415,1.574943719673E12
416,1.574943719714E12
417,1.574943719759E12
418,1.57494371978E12
419,1.574943719805E12
420,1.574943719839E12
421,1.574943719875E12
422,1.574943719916E12
423,1.574943719944E12
424,1.574943719972E12
425,1.574943720013E12
426,1.574943720053E12
427,1.57494372008E12
428,1.574943720114E12
429,1.574943720148E12
430,1.574943720175E12
431,1.57494372021E12
432,1.574943720247E12
434,1.574943720301E12
434,1.57494372032E12
435,1.574943720342E12
436,1.574943720378E12
437,1.574943720414E12
438,1.574943720454E12
439,1.574943720481E12
440,1.574943720512E12
441,1.574943720548E12
442,1.574943720596E12
443,1.574943720616E12
444,1.574943720653E12
445,1.57494372068E12
446,1.574943720719E12
447,1.574943720753E12
0,1.574943734241E12
1,1.574943734615E12
2,1.574943734645E12
3,1.574943734681E12
4,1.574943734716E12
5,1.574943734749E12
6,1.574943734799E12
7,1.574943734827E12
8,1.574943734859E12
9,1.574943734893E12
10,1.57494373493E12
11,1.574943734967E12
12,1.574943734999E12
13,1.574943735027E12
14,1.574943735065E12
15,1.5749437351E12
16,1.574943735131E12
17,1.574943735166E12
18,1.574943735196E12
19,1.574943735229E12
20,1.574943735269E12
21,1.574943735299E12
22,1.574943735333E12
23,1.574943735363E12
24,1.574943735396E12
25,1.574943735433E12
26,1.574943735465E12
27,1.574943735498E12
28,1.574943735545E12
29,1.57494373558E12
30,1.57494373562E12
31,1.574943735663E12
32,1.574943735684E12
33,1.574943735716E12
34,1.574943735754E12
35,1.57494373579E12
36,1.574943735823E12
37,1.574943735851E12
38,1.574943735886E12
39,1.574943735929E12
40,1.574943735963E12
41,1.574943735996E12
42,1.574943736022E12
43,1.574943736057E12
44,1.574943736091E12
45,1.574943736141E12
46,1.574943736175E12
47,1.574943736206E12
48,1.574943736232E12
49,1.574943736272E12
50,1.574943736306E12
51,1.574943736334E12
52,1.57494373636E12
53,1.574943736394E12
54,1.574943736436E12
55,1.574943736466E12
56,1.574943736485E12
57,1.57494373651E12
58,1.574943736547E12
59,1.574943736577E12
60,1.574943736611E12
61,1.574943736647E12
62,1.574943736686E12
63,1.574943736718E12
64,1.574943736751E12
65,1.574943736793E12
66,1.574943736829E12
67,1.57494373685E12
68,1.574943736886E12
69,1.574943736919E12
70,1.574943736955E12
71,1.574943736993E12
72,1.57494373703E12
73,1.574943737053E12
74,1.574943737089E12
75,1.574943737122E12
76,1.574943737156E12
77,1.574943737188E12
78,1.574943737226E12
79,1.57494373726E12
80,1.574943737295E12
81,1.574943737322E12
82,1.574943737355E12
83,1.574943737388E12
84,1.574943737423E12
85,1.574943737455E12
86,1.574943737492E12
87,1.574943737532E12
88,1.574943737569E12
89,1.574943737598E12
90,1.574943737635E12
91,1.574943737661E12
92,1.57494373769E12
93,1.574943737724E12
94,1.574943737757E12
95,1.574943737801E12
96,1.574943737834E12
97,1.574943737862E12
98,1.574943737901E12
99,1.574943737933E12
100,1.574943737965E12
101,1.574943737997E12
102,1.574943738027E12
104,1.574943738081E12
104,1.574943738099E12
105,1.574943738134E12
106,1.574943738163E12
107,1.574943738195E12
108,1.574943738237E12
109,1.574943738271E12
110,1.574943738301E12
111,1.57494373833E12
112,1.574943738368E12
113,1.574943738405E12
114,1.57494373843E12
115,1.574943738472E12
116,1.574943738499E12
117,1.574943738538E12
118,1.574943738572E12
119,1.574943738602E12
120,1.574943738633E12
121,1.574943738665E12
122,1.574943738696E12
123,1.574943738732E12
124,1.574943738767E12
125,1.574943738808E12
126,1.574943738835E12
127,1.574943738887E12
128,1.574943738905E12
129,1.574943738934E12
130,1.57494373897E12
131,1.574943739003E12
132,1.574943739035E12
133,1.574943739069E12
134,1.574943739105E12
135,1.574943739132E12
136,1.574943739171E12
137,1.574943739203E12
138,1.574943739234E12
139,1.574943739274E12
140,1.574943739314E12
141,1.574943739337E12
142,1.574943739372E12
143,1.574943739421E12
144,1.574943739449E12
145,1.574943739472E12
146,1.574943739505E12
147,1.574943739538E12
148,1.574943739576E12
149,1.574943739611E12
150,1.574943739645E12
151,1.574943739674E12
152,1.57494373972E12
153,1.574943739764E12
154,1.574943739793E12
155,1.574943739832E12
156,1.574943739863E12
157,1.574943739898E12
158,1.574943739933E12
159,1.574943739968E12
160,1.574943740002E12
161,1.57494374003E12
163,1.574943740152E12
163,1.574943740177E12
164,1.574943740204E12
165,1.574943740228E12
166,1.574943740263E12
167,1.574943740299E12
168,1.574943740329E12
169,1.574943740357E12
170,1.574943740397E12
171,1.574943740419E12
172,1.574943740457E12
173,1.574943740489E12
174,1.574943740521E12
175,1.574943740554E12
176,1.574943740594E12
177,1.574943740613E12
178,1.574943740652E12
179,1.574943740684E12
180,1.574943740713E12
181,1.57494374075E12
182,1.574943740785E12
183,1.574943740816E12
184,1.574943740848E12
185,1.574943740885E12
186,1.574943740932E12
187,1.57494374096E12
188,1.574943740995E12
189,1.574943741017E12
190,1.574943741049E12
191,1.574943741083E12
192,1.574943741116E12
193,1.574943741153E12
195,1.574943741207E12
195,1.574943741223E12
196,1.574943741249E12
197,1.574943741296E12
198,1.574943741325E12
199,1.574943741355E12
