6,1.574943044649E12
7,1.57494304468E12
8,1.574943044712E12
9,1.574943044746E12
10,1.57494304478E12
11,1.574943044818E12
12,1.574943044847E12
13,1.57494304488E12
14,1.574943044914E12
15,1.574943044951E12
16,1.574943044982E12
17,1.574943045015E12
18,1.57494304505E12
19,1.574943045082E12
20,1.574943045122E12
21,1.574943045152E12
22,1.574943045188E12
23,1.574943045229E12
24,1.574943045258E12
25,1.5749430453E12
26,1.574943045334E12
27,1.574943045365E12
28,1.5749430454E12
29,1.574943045431E12
30,1.574943045471E12
31,1.574943045539E12
32,1.574943045565E12
33,1.574943045606E12
34,1.574943045638E12
35,1.574943045678E12
36,1.574943045705E12
37,1.574943045735E12
38,1.574943045773E12
39,1.574943045803E12
40,1.57494304584E12
41,1.574943045873E12
42,1.5749430459E12
43,1.574943045941E12
44,1.574943046013E12
45,1.574943046042E12
46,1.574943046078E12
47,1.574943046108E12
48,1.574943046138E12
49,1.574943046159E12
50,1.574943046191E12
51,1.57494304623E12
52,1.574943046263E12
53,1.574943046297E12
54,1.574943046346E12
55,1.57494304638E12
56,1.574943046404E12
57,1.574943046443E12
58,1.57494304648E12
59,1.574943046511E12
60,1.574943046543E12
61,1.57494304658E12
62,1.574943046611E12
63,1.574943046636E12
64,1.574943046703E12
65,1.574943046738E12
66,1.574943046774E12
67,1.574943046805E12
68,1.574943046834E12
69,1.574943046877E12
70,1.574943046906E12
71,1.574943046936E12
72,1.574943046973E12
73,1.574943047016E12
74,1.574943047039E12
75,1.574943047073E12
76,1.574943047111E12
77,1.574943047139E12
78,1.57494304717E12
79,1.574943047211E12
80,1.574943047239E12
81,1.574943047274E12
82,1.574943047309E12
83,1.574943047345E12
84,1.574943047374E12
85,1.574943047411E12
86,1.574943047449E12
87,1.574943047478E12
88,1.574943047518E12
89,1.574943047551E12
90,1.574943047583E12
91,1.574943047619E12
92,1.574943047653E12
93,1.574943047685E12
94,1.574943047714E12
95,1.574943047746E12
96,1.574943047785E12
97,1.574943047823E12
98,1.574943047861E12
99,1.5749430479E12
100,1.574943047928E12
101,1.574943047957E12
102,1.574943047992E12
103,1.574943048026E12
104,1.574943048062E12
105,1.574943048096E12
106,1.574943048122E12
107,1.574943048165E12
108,1.574943048194E12
109,1.574943048229E12
110,1.574943048253E12
111,1.574943048295E12
112,1.574943048332E12
113,1.574943048356E12
114,1.574943048392E12
115,1.574943048426E12
116,1.574943048465E12
117,1.574943048498E12
118,1.574943048529E12
119,1.574943048561E12
120,1.5749430486E12
121,1.574943048634E12
122,1.574943048667E12
123,1.57494304869E12
124,1.574943048729E12
125,1.574943048756E12
126,1.574943048839E12
127,1.574943048884E12
128,1.574943048906E12
129,1.574943048924E12
130,1.574943048966E12
131,1.574943049002E12
133,1.574943049032E12
133,1.574943049065E12
134,1.574943049097E12
135,1.574943049131E12
136,1.574943049158E12
137,1.574943049202E12
138,1.574943049237E12
139,1.574943049265E12
140,1.574943049296E12
141,1.574943049323E12
142,1.574943049365E12
143,1.574943049395E12
144,1.57494304943E12
145,1.57494304947E12
146,1.574943049501E12
147,1.574943049546E12
148,1.574943049578E12
149,1.574943049605E12
150,1.574943049635E12
151,1.57494304967E12
152,1.574943049703E12
153,1.574943049736E12
154,1.574943049771E12
155,1.574943049809E12
156,1.574943049839E12
157,1.574943049866E12
158,1.574943049906E12
159,1.574943049945E12
160,1.574943049976E12
161,1.574943050009E12
162,1.574943050048E12
163,1.574943050077E12
164,1.5749430501E12
165,1.574943050138E12
166,1.574943050184E12
167,1.574943050211E12
168,1.574943050238E12
169,1.574943050274E12
170,1.574943050311E12
172,1.574943050333E12
172,1.574943050367E12
173,1.574943050396E12
174,1.574943050433E12
175,1.574943050466E12
176,1.5749430505E12
177,1.574943050534E12
178,1.574943050571E12
179,1.5749430506E12
180,1.574943050636E12
181,1.574943050669E12
182,1.574943050703E12
183,1.574943050736E12
184,1.574943050769E12
185,1.574943050803E12
186,1.574943050846E12
187,1.574943050875E12
188,1.574943050904E12
189,1.574943050939E12
190,1.57494305097E12
191,1.574943051004E12
192,1.574943051041E12
193,1.574943051071E12
194,1.574943051105E12
195,1.574943051137E12
196,1.574943051174E12
197,1.574943051206E12
198,1.574943051242E12
199,1.574943051275E12
200,1.574943051305E12
201,1.57494305134E12
202,1.574943051387E12
203,1.574943051409E12
204,1.574943051437E12
205,1.574943051472E12
206,1.574943051504E12
207,1.57494305154E12
208,1.574943051578E12
209,1.57494305161E12
210,1.574943051652E12
211,1.574943051675E12
212,1.574943051709E12
213,1.57494305174E12
214,1.574943051778E12
215,1.574943051809E12
216,1.574943051843E12
217,1.574943051875E12
218,1.57494305191E12
219,1.574943051943E12
220,1.574943051977E12
221,1.574943052012E12
222,1.574943052045E12
223,1.574943052077E12
224,1.574943052109E12
225,1.574943052142E12
226,1.574943052189E12
227,1.574943052214E12
228,1.574943052247E12
229,1.574943052282E12
230,1.574943052315E12
231,1.574943052348E12
232,1.574943052384E12
233,1.574943052411E12
234,1.574943052441E12
235,1.574943052483E12
236,1.574943052516E12
237,1.574943052547E12
238,1.574943052582E12
239,1.574943052618E12
240,1.574943052649E12
241,1.574943052683E12
242,1.574943052728E12
243,1.574943052759E12
244,1.574943052786E12
245,1.57494305282E12
246,1.574943052853E12
247,1.574943052884E12
248,1.574943052922E12
249,1.574943052951E12
250,1.574943052988E12
251,1.574943053016E12
252,1.574943053053E12
253,1.574943053083E12
254,1.574943053119E12
255,1.574943053156E12
256,1.574943053188E12
257,1.574943053222E12
258,1.574943053263E12
259,1.574943053295E12
260,1.574943053317E12
261,1.574943053353E12
262,1.574943053387E12
263,1.574943053422E12
264,1.574943053455E12
265,1.574943053487E12
266,1.574943053532E12
267,1.574943053555E12
268,1.574943053588E12
269,1.574943053623E12
270,1.574943053657E12
271,1.574943053685E12
272,1.574943053724E12
273,1.574943053756E12
274,1.574943053798E12
275,1.574943053822E12
276,1.574943053862E12
277,1.574943053896E12
278,1.574943053926E12
279,1.574943053961E12
280,1.574943053997E12
281,1.574943054069E12
282,1.574943054096E12
283,1.574943054124E12
284,1.574943054161E12
285,1.574943054194E12
286,1.574943054228E12
287,1.574943054265E12
288,1.574943054341E12
289,1.574943054364E12
290,1.574943054398E12
291,1.574943054431E12
292,1.574943054462E12
293,1.574943054498E12
294,1.574943054533E12
295,1.574943054565E12
296,1.574943054644E12
297,1.574943054678E12
298,1.574943054713E12
299,1.574943054741E12
300,1.574943054774E12
301,1.574943054804E12
302,1.574943054834E12
303,1.57494305487E12
304,1.574943054903E12
305,1.57494305495E12
306,1.574943055026E12
307,1.574943055051E12
308,1.574943055078E12
309,1.574943055108E12
310,1.574943055139E12
312,1.574943055171E12
312,1.574943055215E12
313,1.574943055255E12
314,1.574943055278E12
315,1.574943055315E12
316,1.574943055343E12
317,1.574943055377E12
318,1.574943055416E12
319,1.574943055487E12
320,1.57494305552E12
321,1.574943055548E12
322,1.574943055589E12
323,1.57494305562E12
324,1.574943055658E12
325,1.574943055685E12
326,1.574943055714E12
327,1.574943055759E12
328,1.574943055787E12
329,1.57494305582E12
330,1.574943055849E12
331,1.574943055888E12
332,1.574943055923E12
333,1.574943055958E12
334,1.574943055989E12
335,1.57494305602E12
336,1.574943056051E12
337,1.574943056089E12
338,1.574943056131E12
339,1.574943056161E12
340,1.574943056186E12
341,1.574943056221E12
342,1.574943056259E12
343,1.574943056341E12
344,1.574943056368E12
346,1.574943056397E12
347,1.574943056428E12
349,1.574943056452E12
349,1.574943056493E12
350,1.57494305652E12
351,1.57494305657E12
352,1.574943056599E12
353,1.574943056636E12
354,1.574943056662E12
355,1.574943056701E12
356,1.574943056726E12
357,1.574943056765E12
358,1.574943056792E12
359,1.574943056827E12
360,1.574943056866E12
361,1.5749430569E12
362,1.574943056926E12
363,1.574943057001E12
364,1.574943057035E12
365,1.574943057056E12
366,1.574943057092E12
367,1.574943057123E12
368,1.574943057159E12
369,1.574943057192E12
370,1.574943057226E12
371,1.574943057263E12
372,1.574943057297E12
373,1.574943057331E12
374,1.574943057355E12
375,1.574943057386E12
376,1.574943057431E12
377,1.574943057462E12
378,1.574943057502E12
379,1.574943057527E12
380,1.574943057573E12
381,1.574943057603E12
382,1.574943057629E12
383,1.574943057666E12
384,1.574943057695E12
385,1.574943057731E12
386,1.574943057766E12
387,1.574943057802E12
388,1.574943057827E12
389,1.574943057869E12
390,1.574943057902E12
391,1.574943057936E12
392,1.574943057967E12
393,1.574943058045E12
394,1.574943058118E12
395,1.574943058144E12
396,1.574943058167E12
397,1.574943058199E12
398,1.574943058239E12
400,1.574943058269E12
400,1.574943058297E12
401,1.574943058335E12
402,1.574943058412E12
403,1.574943058436E12
404,1.574943058468E12
405,1.574943058499E12
406,1.574943058574E12
407,1.574943058643E12
408,1.574943058679E12
409,1.574943058707E12
410,1.574943058744E12
411,1.574943058776E12
412,1.574943058814E12
413,1.574943058843E12
414,1.574943058909E12
415,1.57494305894E12
416,1.574943059039E12
417,1.574943059081E12
418,1.574943059114E12
419,1.574943059133E12
420,1.574943059172E12
421,1.574943059206E12
422,1.574943059241E12
423,1.574943059285E12
424,1.574943059315E12
425,1.574943059337E12
426,1.574943059372E12
427,1.574943059403E12
428,1.574943059443E12
429,1.574943059483E12
430,1.57494305951E12
431,1.574943059548E12
432,1.574943059584E12
433,1.574943059618E12
434,1.574943059647E12
435,1.574943059687E12
436,1.574943059717E12
437,1.57494305976E12
438,1.57494305978E12
439,1.574943059809E12
440,1.574943059846E12
441,1.57494305988E12
442,1.574943059919E12
443,1.574943059952E12
444,1.574943059977E12
445,1.574943060011E12
446,1.574943060059E12
447,1.574943060085E12
449,1.574943060112E12
449,1.574943060142E12
450,1.57494306018E12
451,1.574943060226E12
452,1.574943060251E12
453,1.574943060282E12
454,1.574943060365E12
455,1.574943060393E12
456,1.574943060421E12
457,1.574943060451E12
458,1.574943060492E12
459,1.574943060518E12
460,1.574943060556E12
461,1.574943060591E12
462,1.574943060615E12
463,1.574943060656E12
464,1.574943060686E12
465,1.574943060725E12
466,1.574943060759E12
467,1.574943060791E12
468,1.574943060822E12
469,1.574943060856E12
470,1.574943060894E12
471,1.574943060919E12
472,1.574943061007E12
473,1.574943061039E12
474,1.574943061062E12
475,1.574943061089E12
476,1.574943061127E12
477,1.574943061162E12
478,1.574943061188E12
479,1.57494306122E12
480,1.574943061251E12
481,1.57494306133E12
482,1.574943061363E12
483,1.574943061384E12
485,1.574943061424E12
485,1.574943061464E12
486,1.574943061492E12
487,1.574943061531E12
488,1.574943061559E12
489,1.574943061593E12
490,1.57494306167E12
491,1.574943061695E12
492,1.574943061726E12
493,1.574943061766E12
494,1.574943061815E12
495,1.574943061859E12
496,1.574943061897E12
497,1.574943061939E12
498,1.574943061973E12
499,1.574943061998E12
500,1.574943062028E12
501,1.574943062062E12
502,1.574943062143E12
503,1.574943062177E12
504,1.5749430622E12
505,1.574943062224E12
506,1.574943062259E12
507,1.574943062301E12
508,1.57494306233E12
509,1.57494306237E12
510,1.574943062395E12
511,1.574943062432E12
512,1.574943062467E12
513,1.574943062506E12
514,1.574943062537E12
515,1.574943062565E12
516,1.574943062602E12
517,1.574943062639E12
518,1.574943062665E12
519,1.574943062702E12
520,1.574943062737E12
521,1.574943062767E12
522,1.574943062803E12
523,1.574943062841E12
524,1.574943062871E12
525,1.574943062943E12
526,1.574943062966E12
527,1.574943063E12
528,1.574943063031E12
529,1.574943063061E12
530,1.574943063095E12
531,1.574943063133E12
532,1.57494306316E12
533,1.5749430632E12
534,1.574943063227E12
535,1.574943063263E12
536,1.5749430633E12
537,1.574943063335E12
538,1.574943063367E12
539,1.574943063402E12
