0,0.0
1,1.574770236241E12
2,1.574770236273E12
3,1.57477023631E12
4,1.574770236343E12
5,1.57477023638E12
6,1.574770236412E12
7,1.574770236445E12
8,1.574770236478E12
9,1.574770236511E12
10,1.574770236546E12
11,1.574770236579E12
12,1.574770236612E12
13,1.574770236645E12
14,1.57477023668E12
15,1.574770236714E12
16,1.574770236746E12
17,1.57477023678E12
18,1.574770236814E12
19,1.574770236847E12
20,1.574770236881E12
21,1.574770236914E12
22,1.574770236948E12
23,1.574770236981E12
24,1.574770237016E12
25,1.574770237048E12
26,1.574770237082E12
27,1.574770237115E12
28,1.574770237155E12
29,1.574770237192E12
30,1.574770237232E12
31,1.574770237271E12
32,1.5747702373E12
33,1.574770237331E12
34,1.574770237369E12
35,1.574770237409E12
36,1.574770237448E12
37,1.574770237475E12
38,1.574770237504E12
39,1.574770237541E12
40,1.574770237572E12
41,1.574770237603E12
42,1.574770237636E12
43,1.574770237667E12
44,1.574770237699E12
45,1.57477023774E12
46,1.574770237777E12
47,1.574770237811E12
48,1.574770237842E12
49,1.574770237874E12
50,1.574770237911E12
51,1.574770237941E12
52,1.574770237969E12
53,1.574770238003E12
54,1.574770238043E12
55,1.574770238077E12
56,1.574770238105E12
57,1.574770238134E12
58,1.574770238163E12
59,1.574770238198E12
60,1.574770238236E12
61,1.574770238277E12
62,1.574770238306E12
63,1.574770238343E12
64,1.574770238389E12
65,1.574770238414E12
66,1.574770238446E12
67,1.57477023848E12
68,1.574770238504E12
69,1.574770238549E12
70,1.574770238585E12
71,1.574770238615E12
72,1.57477023864E12
73,1.57477023868E12
74,1.574770238717E12
75,1.574770238743E12
76,1.574770238782E12
77,1.574770238816E12
78,1.574770238849E12
79,1.574770238878E12
80,1.57477023891E12
81,1.574770238945E12
82,1.574770238971E12
83,1.574770239003E12
84,1.574770239039E12
85,1.574770239083E12
86,1.574770239117E12
87,1.574770239152E12
88,1.574770239186E12
89,1.574770239216E12
90,1.574770239256E12
91,1.574770239285E12
92,1.574770239311E12
93,1.574770239345E12
94,1.57477023939E12
95,1.574770239418E12
96,1.574770239454E12
97,1.574770239481E12
98,1.574770239516E12
99,1.574770239549E12
100,1.574770239585E12
101,1.574770239624E12
102,1.574770239661E12
103,1.574770239688E12
104,1.574770239724E12
106,1.574770239782E12
106,1.574770239782E12
107,1.574770239824E12
108,1.574770239861E12
110,1.574770239917E12
110,1.574770239917E12
111,1.574770239957E12
112,1.574770239986E12
113,1.574770240056E12
115,1.574770240125E12
116,1.574770240154E12
116,1.574770240154E12
117,1.5747702402E12
119,1.574770240255E12
119,1.574770240255E12
120,1.574770240294E12
121,1.574770240328E12
122,1.57477024036E12
123,1.574770240399E12
124,1.574770240425E12
125,1.574770240458E12
127,1.574770240525E12
127,1.574770240525E12
128,1.574770240563E12
129,1.574770240596E12
130,1.57477024062E12
131,1.574770240659E12
132,1.574770240687E12
133,1.574770240726E12
134,1.574770240756E12
135,1.57477024079E12
136,1.574770240826E12
137,1.574770240855E12
138,1.574770240894E12
139,1.574770240934E12
140,1.574770240967E12
141,1.574770240994E12
142,1.574770241028E12
143,1.574770241061E12
144,1.574770241097E12
145,1.57477024113E12
146,1.57477024116E12
147,1.574770241197E12
148,1.574770241226E12
149,1.57477024126E12
150,1.574770241295E12
151,1.574770241329E12
152,1.574770241369E12
153,1.574770241407E12
154,1.574770241438E12
155,1.574770241473E12
156,1.574770241505E12
157,1.574770241527E12
158,1.57477024157E12
159,1.574770241604E12
160,1.574770241636E12
161,1.574770241664E12
163,1.574770241738E12
163,1.574770241738E12
164,1.574770241805E12
165,1.574770241858E12
167,1.574770241898E12
167,1.574770241898E12
168,1.574770241942E12
169,1.574770241978E12
170,1.574770241997E12
171,1.574770242041E12
172,1.574770242066E12
173,1.574770242106E12
174,1.574770242142E12
175,1.574770242176E12
176,1.574770242202E12
177,1.574770242244E12
178,1.574770242286E12
180,1.574770242333E12
180,1.574770242333E12
181,1.574770242378E12
182,1.574770242406E12
183,1.574770242447E12
184,1.574770242477E12
185,1.574770242522E12
187,1.574770242568E12
187,1.574770242568E12
188,1.574770242615E12
189,1.574770242647E12
190,1.574770242674E12
191,1.574770242717E12
192,1.574770242745E12
193,1.574770242773E12
194,1.574770242812E12
195,1.574770242842E12
196,1.574770242883E12
197,1.574770242909E12
198,1.57477024294E12
199,1.574770242976E12
200,1.574770243013E12
201,1.574770243047E12
202,1.574770243085E12
204,1.574770243142E12
204,1.574770243142E12
205,1.574770243183E12
206,1.574770243218E12
207,1.57477024325E12
208,1.574770243281E12
209,1.574770243314E12
210,1.574770243341E12
211,1.574770243386E12
212,1.574770243412E12
213,1.574770243452E12
214,1.574770243485E12
215,1.574770243521E12
216,1.574770243558E12
217,1.574770243589E12
218,1.574770243619E12
219,1.574770243653E12
220,1.574770243681E12
221,1.57477024372E12
222,1.57477024376E12
223,1.57477024379E12
224,1.574770243825E12
225,1.574770243868E12
226,1.574770243918E12
228,1.574770243983E12
228,1.574770243983E12
229,1.574770244017E12
230,1.574770244057E12
231,1.574770244088E12
232,1.574770244119E12
233,1.574770244166E12
235,1.574770244224E12
235,1.574770244224E12
236,1.574770244259E12
237,1.574770244287E12
238,1.574770244321E12
239,1.57477024435E12
240,1.574770244392E12
241,1.574770244428E12
242,1.574770244458E12
243,1.574770244493E12
244,1.574770244526E12
245,1.574770244553E12
246,1.574770244597E12
247,1.574770244624E12
248,1.574770244654E12
249,1.574770244688E12
250,1.574770244738E12
251,1.574770244769E12
252,1.574770244824E12
254,1.574770244884E12
254,1.574770244884E12
255,1.574770244931E12
256,1.574770244961E12
257,1.574770244998E12
258,1.574770245021E12
259,1.574770245066E12
261,1.574770245124E12
261,1.574770245124E12
262,1.574770245164E12
263,1.574770245191E12
264,1.574770245234E12
265,1.574770245298E12
266,1.574770245342E12
268,1.574770245442E12
269,1.574770245469E12
270,1.574770245491E12
270,1.574770245491E12
271,1.57477024554E12
272,1.574770245569E12
273,1.574770245603E12
274,1.574770245631E12
275,1.574770245668E12
276,1.574770245699E12
277,1.574770245736E12
278,1.574770245765E12
279,1.574770245804E12
280,1.57477024583E12
281,1.574770245869E12
282,1.574770245905E12
283,1.574770245934E12
284,1.574770245965E12
285,1.574770245999E12
286,1.574770246031E12
287,1.574770246069E12
288,1.574770246102E12
289,1.574770246139E12
290,1.574770246171E12
291,1.574770246201E12
292,1.57477024624E12
293,1.574770246277E12
294,1.574770246302E12
295,1.574770246341E12
296,1.574770246371E12
297,1.574770246412E12
298,1.574770246446E12
299,1.574770246476E12
300,1.574770246507E12
301,1.574770246541E12
302,1.574770246583E12
303,1.574770246615E12
304,1.57477024664E12
306,1.574770246704E12
306,1.574770246704E12
307,1.574770246743E12
308,1.574770246779E12
309,1.574770246802E12
310,1.574770246841E12
311,1.574770246867E12
312,1.574770246913E12
313,1.574770246946E12
314,1.574770246979E12
315,1.574770247013E12
316,1.574770247037E12
317,1.574770247081E12
318,1.574770247143E12
319,1.57477024718E12
320,1.574770247208E12
321,1.574770247247E12
322,1.574770247275E12
323,1.574770247323E12
324,1.574770247345E12
325,1.574770247374E12
326,1.574770247411E12
328,1.574770247477E12
328,1.574770247477E12
329,1.574770247517E12
330,1.574770247547E12
331,1.574770247585E12
333,1.574770247638E12
333,1.574770247638E12
334,1.574770247676E12
335,1.574770247706E12
336,1.574770247751E12
337,1.574770247785E12
338,1.574770247826E12
339,1.574770247856E12
340,1.574770247889E12
341,1.574770247918E12
343,1.574770247974E12
343,1.574770247974E12
344,1.57477024801E12
345,1.57477024804E12
346,1.574770248089E12
347,1.57477024812E12
349,1.574770248182E12
349,1.574770248182E12
350,1.574770248218E12
352,1.574770248287E12
352,1.574770248287E12
353,1.574770248321E12
354,1.574770248349E12
356,1.574770248416E12
356,1.574770248416E12
357,1.574770248458E12
358,1.574770248487E12
360,1.574770248548E12
360,1.574770248548E12
361,1.574770248596E12
362,1.574770248625E12
363,1.574770248689E12
365,1.574770248754E12
365,1.574770248754E12
367,1.574770248817E12
367,1.574770248817E12
368,1.57477024886E12
369,1.574770248898E12
370,1.574770248925E12
371,1.574770248962E12
372,1.574770248993E12
374,1.574770249048E12
374,1.574770249048E12
376,1.574770249121E12
376,1.574770249121E12
377,1.574770249158E12
378,1.574770249196E12
380,1.574770249255E12
380,1.574770249255E12
381,1.574770249289E12
382,1.574770249323E12
383,1.574770249365E12
384,1.574770249397E12
385,1.574770249429E12
387,1.57477024949E12
387,1.57477024949E12
388,1.574770249529E12
389,1.574770249561E12
390,1.574770249602E12
392,1.574770249659E12
392,1.574770249659E12
393,1.574770249698E12
394,1.574770249726E12
395,1.574770249772E12
396,1.574770249805E12
397,1.574770249833E12
399,1.574770249892E12
399,1.574770249892E12
400,1.574770249941E12
401,1.57477024997E12
402,1.574770250001E12
403,1.574770250027E12
404,1.574770250053E12
405,1.574770250099E12
406,1.574770250133E12
408,1.57477025021E12
409,1.574770250229E12
410,1.574770250265E12
410,1.574770250265E12
411,1.574770250296E12
412,1.574770250333E12
413,1.574770250371E12
415,1.57477025043E12
415,1.57477025043E12
416,1.574770250475E12
417,1.574770250507E12
418,1.574770250533E12
419,1.574770250568E12
421,1.57477025063E12
421,1.57477025063E12
423,1.574770250697E12
423,1.574770250697E12
424,1.574770250737E12
425,1.574770250771E12
426,1.574770250808E12
427,1.574770250838E12
428,1.574770250867E12
429,1.5747702509E12
430,1.574770250943E12
431,1.574770250973E12
432,1.574770251E12
433,1.574770251045E12
434,1.57477025107E12
435,1.574770251101E12
436,1.574770251141E12
437,1.574770251177E12
438,1.574770251212E12
439,1.574770251247E12
440,1.574770251279E12
441,1.574770251305E12
442,1.574770251339E12
443,1.574770251372E12
444,1.574770251416E12
445,1.574770251449E12
446,1.574770251479E12
447,1.574770251507E12
448,1.574770251545E12
449,1.574770251577E12
451,1.574770251648E12
452,1.57477025168E12
452,1.57477025168E12
453,1.574770251705E12
454,1.574770251742E12
455,1.574770251782E12
456,1.574770251808E12
457,1.574770251849E12
458,1.574770251895E12
459,1.574770251956E12
460,1.574770251988E12
462,1.574770252042E12
463,1.574770252067E12
463,1.574770252067E12
464,1.574770252109E12
465,1.574770252139E12
466,1.574770252182E12
467,1.574770252224E12
468,1.574770252252E12
469,1.574770252322E12
471,1.574770252375E12
471,1.574770252375E12
472,1.574770252414E12
473,1.574770252442E12
474,1.574770252489E12
475,1.574770252518E12
476,1.574770252551E12
477,1.57477025259E12
478,1.574770252663E12
479,1.574770252692E12
480,1.57477025272E12
481,1.574770252759E12
483,1.574770252811E12
483,1.574770252811E12
485,1.57477025288E12
485,1.57477025288E12
486,1.574770252924E12
487,1.57477025295E12
488,1.574770252988E12
489,1.574770253032E12
490,1.574770253055E12
491,1.574770253087E12
492,1.574770253116E12
493,1.574770253164E12
494,1.574770253206E12
495,1.574770253263E12
496,1.574770253297E12
497,1.57477025333E12
498,1.57477025336E12
500,1.574770253418E12
500,1.574770253418E12
501,1.574770253491E12
502,1.574770253531E12
503,1.574770253564E12
504,1.574770253591E12
505,1.574770253633E12
506,1.574770253665E12
507,1.574770253701E12
509,1.574770253757E12
509,1.574770253757E12
510,1.574770253797E12
511,1.574770253829E12
512,1.574770253857E12
514,1.574770253922E12
514,1.574770253922E12
515,1.574770253966E12
516,1.574770253993E12
517,1.574770254032E12
518,1.574770254061E12
519,1.57477025409E12
520,1.57477025412E12
521,1.574770254201E12
522,1.574770254241E12
523,1.574770254268E12
524,1.574770254296E12
525,1.574770254328E12
526,1.574770254372E12
527,1.5747702544E12
529,1.574770254459E12
529,1.574770254459E12
530,1.574770254506E12
532,1.57477025456E12
532,1.57477025456E12
533,1.574770254603E12
534,1.574770254634E12
535,1.574770254673E12
536,1.57477025471E12
537,1.574770254743E12
538,1.574770254772E12
539,1.574770254802E12
540,1.574770254842E12
541,1.574770254871E12
542,1.574770254907E12
543,1.57477025494E12
544,1.574770254973E12
545,1.574770255006E12
547,1.574770255069E12
547,1.574770255069E12
548,1.574770255099E12
549,1.57477025514E12
550,1.574770255174E12
551,1.574770255208E12
552,1.574770255236E12
553,1.574770255281E12
554,1.574770255314E12
555,1.574770255343E12
556,1.574770255371E12
557,1.574770255409E12
558,1.574770255437E12
560,1.574770255503E12
560,1.574770255503E12
561,1.574770255543E12
563,1.5747702556E12
563,1.5747702556E12
564,1.57477025565E12
565,1.574770255679E12
566,1.574770255705E12
567,1.574770255745E12
568,1.574770255766E12
569,1.574770255812E12
570,1.574770255845E12
571,1.57477025587E12
572,1.574770255919E12
573,1.574770255947E12
574,1.574770255981E12
575,1.574770256048E12
576,1.574770256076E12
577,1.574770256106E12
578,1.574770256141E12
579,1.574770256189E12
580,1.574770256218E12
581,1.574770256249E12
582,1.574770256283E12
583,1.574770256311E12
585,1.574770256377E12
585,1.574770256377E12
586,1.574770256417E12
587,1.574770256445E12
588,1.574770256487E12
589,1.574770256517E12
590,1.57477025655E12
591,1.574770256586E12
592,1.574770256619E12
594,1.574770256685E12
594,1.574770256685E12
595,1.57477025672E12
597,1.574770256784E12
597,1.574770256784E12
598,1.574770256822E12
599,1.574770256851E12
600,1.574770256891E12
601,1.574770256923E12
602,1.574770256946E12
603,1.574770256986E12
604,1.574770257015E12
606,1.574770257079E12
606,1.574770257079E12
607,1.574770257119E12
609,1.574770257185E12
609,1.574770257185E12
610,1.574770257229E12
611,1.57477025726E12
612,1.57477025729E12
614,1.574770257399E12
615,1.574770257423E12
616,1.574770257446E12
617,1.57477025748E12
617,1.57477025748E12
618,1.574770257516E12
619,1.574770257557E12
620,1.574770257598E12
621,1.574770257626E12
622,1.57477025766E12
623,1.574770257734E12
625,1.574770257789E12
625,1.574770257789E12
626,1.574770257827E12
627,1.574770257859E12
628,1.574770257889E12
629,1.574770257929E12
630,1.574770257962E12
631,1.574770257993E12
633,1.574770258056E12
633,1.574770258056E12
634,1.574770258088E12
635,1.574770258121E12
636,1.574770258163E12
638,1.57477025822E12
638,1.57477025822E12
639,1.574770258258E12
640,1.574770258299E12
641,1.57477025833E12
642,1.574770258357E12
643,1.574770258396E12
644,1.574770258434E12
645,1.574770258457E12
646,1.57477025849E12
647,1.57477025853E12
648,1.574770258568E12
650,1.574770258625E12
650,1.574770258625E12
651,1.574770258667E12
652,1.574770258703E12
653,1.574770258728E12
654,1.574770258766E12
655,1.574770258795E12
656,1.57477025884E12
657,1.574770258866E12
658,1.574770258902E12
659,1.574770258935E12
660,1.574770258968E12
661,1.574770259003E12
662,1.574770259036E12
663,1.57477025907E12
664,1.574770259101E12
665,1.574770259133E12
666,1.574770259172E12
667,1.574770259207E12
669,1.574770259267E12
669,1.574770259267E12
670,1.574770259306E12
671,1.574770259328E12
672,1.574770259365E12
674,1.574770259433E12
674,1.574770259433E12
675,1.574770259461E12
676,1.574770259496E12
677,1.574770259538E12
679,1.574770259632E12
679,1.574770259632E12
681,1.574770259707E12
681,1.574770259707E12
682,1.574770259744E12
683,1.574770259774E12
684,1.574770259802E12
685,1.574770259837E12
686,1.57477025987E12
687,1.574770259911E12
688,1.574770259942E12
689,1.574770259978E12
690,1.574770260003E12
691,1.574770260044E12
692,1.574770260072E12
693,1.574770260104E12
694,1.574770260136E12
695,1.57477026017E12
696,1.574770260207E12
697,1.574770260246E12
698,1.574770260278E12
699,1.574770260316E12
700,1.574770260345E12
702,1.574770260409E12
702,1.574770260409E12
703,1.574770260449E12
704,1.574770260481E12
705,1.574770260518E12
706,1.574770260551E12
707,1.574770260581E12
708,1.574770260609E12
709,1.574770260648E12
710,1.574770260684E12
711,1.574770260721E12
712,1.574770260756E12
713,1.574770260784E12
714,1.57477026081E12
715,1.574770260847E12
716,1.574770260874E12
717,1.574770260917E12
718,1.57477026095E12
719,1.574770260979E12
720,1.574770261008E12
721,1.574770261051E12
722,1.574770261086E12
723,1.574770261113E12
724,1.574770261149E12
725,1.574770261177E12
726,1.574770261221E12
727,1.574770261249E12
728,1.574770261289E12
729,1.574770261317E12
730,1.574770261358E12
731,1.574770261388E12
732,1.574770261421E12
733,1.574770261463E12
734,1.574770261493E12
735,1.574770261518E12
737,1.574770261586E12
737,1.574770261586E12
738,1.57477026162E12
739,1.574770261649E12
741,1.574770261717E12
741,1.574770261717E12
742,1.574770261758E12
743,1.574770261792E12
744,1.574770261818E12
745,1.574770261857E12
746,1.574770261889E12
747,1.574770261917E12
748,1.574770261961E12
749,1.57477026199E12
750,1.574770262031E12
751,1.574770262061E12
752,1.574770262085E12
753,1.574770262125E12
754,1.574770262157E12
756,1.574770262228E12
756,1.574770262228E12
757,1.574770262264E12
758,1.574770262296E12
759,1.574770262325E12
760,1.574770262364E12
761,1.574770262397E12
762,1.574770262434E12
763,1.574770262467E12
764,1.574770262496E12
765,1.574770262532E12
766,1.574770262558E12
767,1.574770262596E12
768,1.574770262633E12
769,1.574770262661E12
770,1.574770262705E12
771,1.574770262739E12
772,1.574770262769E12
773,1.574770262796E12
774,1.574770262832E12
775,1.574770262859E12
776,1.5747702629E12
777,1.574770262928E12
778,1.574770262969E12
780,1.574770263025E12
780,1.574770263025E12
781,1.574770263066E12
782,1.574770263104E12
784,1.574770263164E12
784,1.574770263164E12
785,1.574770263202E12
786,1.574770263233E12
788,1.574770263299E12
788,1.574770263299E12
789,1.574770263332E12
790,1.574770263361E12
791,1.5747702634E12
792,1.57477026344E12
793,1.57477026347E12
795,1.574770263526E12
795,1.574770263526E12
797,1.574770263593E12
797,1.574770263593E12
798,1.574770263639E12
799,1.574770263668E12
800,1.574770263703E12
801,1.574770263742E12
802,1.574770263769E12
803,1.574770263808E12
804,1.574770263833E12
805,1.574770263875E12
806,1.574770263912E12
807,1.574770263936E12
808,1.574770263986E12
810,1.574770264034E12
810,1.574770264034E12
811,1.574770264067E12
812,1.574770264098E12
813,1.574770264135E12
814,1.574770264167E12
816,1.574770264236E12
816,1.574770264236E12
817,1.574770264277E12
818,1.574770264306E12
819,1.574770264343E12
820,1.574770264378E12
821,1.574770264413E12
822,1.574770264444E12
824,1.574770264509E12
824,1.574770264509E12
825,1.57477026454E12
826,1.574770264577E12
828,1.574770264642E12
828,1.574770264642E12
829,1.574770264677E12
830,1.574770264707E12
831,1.574770264746E12
832,1.574770264781E12
834,1.574770264835E12
834,1.574770264835E12
835,1.574770264883E12
836,1.574770264908E12
837,1.574770264947E12
838,1.574770264972E12
840,1.574770265047E12
840,1.574770265047E12
842,1.574770265151E12
842,1.574770265151E12
843,1.574770265187E12
844,1.574770265214E12
845,1.574770265248E12
846,1.574770265285E12
847,1.574770265312E12
848,1.574770265352E12
849,1.574770265385E12
850,1.574770265411E12
851,1.574770265458E12
852,1.574770265485E12
853,1.57477026551E12
854,1.574770265558E12
856,1.57477026561E12
856,1.57477026561E12
858,1.574770265676E12
858,1.574770265676E12
859,1.574770265723E12
860,1.574770265755E12
861,1.574770265785E12
862,1.574770265818E12
863,1.574770265847E12
864,1.574770265882E12
865,1.574770265911E12
866,1.57477026595E12
867,1.574770265991E12
868,1.574770266024E12
869,1.574770266057E12
870,1.57477026609E12
871,1.574770266124E12
872,1.574770266151E12
873,1.574770266186E12
874,1.574770266222E12
876,1.574770266286E12
876,1.574770266286E12
877,1.574770266326E12
878,1.574770266354E12
879,1.574770266389E12
880,1.574770266425E12
881,1.574770266459E12
882,1.574770266493E12
883,1.57477026652E12
884,1.574770266557E12
885,1.5747702666E12
886,1.574770266626E12
887,1.574770266661E12
888,1.57477026669E12
889,1.574770266721E12
890,1.574770266764E12
891,1.574770266794E12
892,1.574770266825E12
893,1.574770266856E12
894,1.574770266894E12
895,1.574770266926E12
896,1.574770266958E12
897,1.574770266999E12
898,1.574770267029E12
899,1.574770267057E12
900,1.574770267097E12
901,1.574770267136E12
902,1.574770267166E12
903,1.57477026719E12
904,1.574770267232E12
905,1.57477026727E12
906,1.574770267299E12
907,1.574770267326E12
908,1.57477026736E12
910,1.574770267423E12
910,1.574770267423E12
911,1.57477026747E12
912,1.5747702675E12
913,1.574770267537E12
914,1.574770267568E12
915,1.574770267605E12
916,1.574770267633E12
917,1.574770267671E12
918,1.574770267703E12
919,1.574770267732E12
920,1.574770267766E12
922,1.57477026784E12
923,1.574770267867E12
924,1.574770267895E12
924,1.574770267895E12
925,1.574770267929E12
926,1.574770267962E12
928,1.574770268041E12
928,1.574770268041E12
929,1.574770268065E12
930,1.574770268099E12
931,1.574770268131E12
932,1.574770268175E12
933,1.574770268196E12
934,1.574770268239E12
935,1.574770268265E12
936,1.574770268347E12
937,1.574770268377E12
938,1.574770268411E12
940,1.574770268509E12
940,1.574770268509E12
941,1.57477026854E12
942,1.574770268573E12
943,1.574770268595E12
944,1.574770268642E12
946,1.5747702687E12
946,1.5747702687E12
947,1.574770268744E12
948,1.574770268784E12
950,1.574770268872E12
950,1.574770268872E12
951,1.574770268916E12
952,1.57477026894E12
953,1.574770268979E12
954,1.574770269012E12
955,1.574770269044E12
956,1.574770269079E12
957,1.574770269108E12
958,1.574770269144E12
959,1.574770269173E12
960,1.574770269207E12
961,1.574770269249E12
962,1.574770269281E12
963,1.574770269316E12
964,1.574770269348E12
965,1.574770269383E12
966,1.574770269411E12
967,1.574770269445E12
968,1.574770269474E12
969,1.574770269518E12
970,1.574770269546E12
971,1.574770269579E12
972,1.574770269624E12
973,1.574770269649E12
974,1.574770269682E12
975,1.574770269717E12
976,1.574770269741E12
977,1.574770269785E12
978,1.574770269817E12
979,1.574770269852E12
980,1.574770269887E12
981,1.574770269915E12
983,1.574770269979E12
983,1.574770269979E12
984,1.574770270022E12
985,1.574770270043E12
986,1.57477027008E12
987,1.574770270109E12
988,1.574770270161E12
990,1.574770270208E12
990,1.574770270208E12
991,1.57477027026E12
992,1.574770270327E12
994,1.574770270385E12
995,1.574770270413E12
995,1.574770270413E12
996,1.574770270501E12
998,1.574770270551E12
998,1.574770270551E12
999,1.574770270592E12
1000,1.574770270627E12
1001,1.574770270661E12
1002,1.574770270689E12
1003,1.574770270726E12
1004,1.574770270759E12
1006,1.57477027082E12
1006,1.57477027082E12
1007,1.574770270858E12
1008,1.574770270889E12
1009,1.574770270925E12
1010,1.574770270958E12
1011,1.574770270987E12
1012,1.574770271018E12
1013,1.574770271064E12
1014,1.574770271089E12
1015,1.574770271129E12
1016,1.574770271165E12
1018,1.574770271212E12
1018,1.574770271212E12
1019,1.574770271265E12
1020,1.574770271285E12
1021,1.57477027133E12
1022,1.574770271357E12
1023,1.574770271405E12
1025,1.574770271463E12
1025,1.574770271463E12
1026,1.574770271491E12
1027,1.574770271528E12
1028,1.574770271556E12
1029,1.574770271591E12
1030,1.574770271624E12
1031,1.574770271665E12
1032,1.574770271699E12
1033,1.574770271741E12
1034,1.574770271767E12
1035,1.574770271804E12
1036,1.574770271839E12
1038,1.574770271896E12
1038,1.574770271896E12
1040,1.574770271962E12
1040,1.574770271962E12
1041,1.574770272E12
1042,1.574770272032E12
1043,1.574770272069E12
1044,1.574770272102E12
1045,1.574770272142E12
1046,1.574770272175E12
1047,1.574770272204E12
1048,1.574770272226E12
1049,1.574770272256E12
1050,1.574770272304E12
1051,1.57477027234E12
1053,1.574770272396E12
1053,1.574770272396E12
1054,1.574770272435E12
1055,1.574770272472E12
1056,1.574770272502E12
1057,1.574770272537E12
1058,1.574770272564E12
1059,1.574770272597E12
1060,1.574770272638E12
1061,1.574770272676E12
1062,1.5747702727E12
1063,1.574770272741E12
1064,1.574770272779E12
1065,1.574770272808E12
1066,1.574770272837E12
1067,1.57477027287E12
1068,1.574770272902E12
1070,1.574770272971E12
1070,1.574770272971E12
1072,1.574770273036E12
1072,1.574770273036E12
1073,1.574770273078E12
1074,1.57477027312E12
1076,1.57477027317E12
1076,1.57477027317E12
1077,1.574770273198E12
1078,1.574770273225E12
1079,1.57477027326E12
1080,1.574770273294E12
1081,1.574770273327E12
1082,1.574770273361E12
1083,1.574770273394E12
1084,1.574770273429E12
1085,1.574770273469E12
1086,1.574770273504E12
1087,1.574770273531E12
1088,1.574770273563E12
1089,1.574770273595E12
1090,1.574770273631E12
1091,1.574770273665E12
1092,1.574770273705E12
1093,1.574770273732E12
