0,0.0
1,1.574319134971E12
2,1.574319135008E12
3,1.57431913504E12
4,1.574319135073E12
5,1.574319135107E12
7,1.57431913517E12
7,1.57431913517E12
8,1.574319135215E12
9,1.574319135253E12
10,1.574319135321E12
11,1.5743191354E12
12,1.574319135469E12
13,1.574319135538E12
14,1.574319135609E12
15,1.57431913568E12
16,1.57431913575E12
17,1.574319135819E12
18,1.574319135898E12
19,1.574319135965E12
20,1.574319136037E12
21,1.574319136113E12
22,1.574319136173E12
23,1.574319136244E12
24,1.574319136325E12
25,1.574319136374E12
26,1.574319136425E12
27,1.574319136469E12
28,1.574319136504E12
29,1.574319136546E12
30,1.574319136576E12
31,1.574319136607E12
32,1.574319136647E12
33,1.574319136671E12
34,1.574319136709E12
35,1.57431913674E12
37,1.574319136806E12
37,1.574319136806E12
38,1.574319136839E12
39,1.574319136877E12
40,1.574319136916E12
41,1.574319136975E12
42,1.574319137014E12
43,1.574319137042E12
44,1.574319137073E12
45,1.574319137107E12
46,1.574319137145E12
47,1.574319137176E12
48,1.574319137207E12
49,1.574319137248E12
50,1.574319137277E12
52,1.574319137339E12
52,1.574319137339E12
53,1.574319137383E12
55,1.574319137448E12
56,1.574319137475E12
56,1.574319137475E12
58,1.57431913754E12
58,1.57431913754E12
60,1.574319137618E12
61,1.574319137643E12
61,1.574319137643E12
62,1.574319137721E12
63,1.574319137768E12
65,1.574319137838E12
65,1.574319137838E12
67,1.574319137942E12
67,1.574319137942E12
69,1.574319138043E12
70,1.574319138076E12
70,1.574319138076E12
72,1.574319138149E12
73,1.574319138176E12
74,1.574319138208E12
74,1.574319138208E12
76,1.574319138273E12
76,1.574319138273E12
78,1.574319138377E12
78,1.574319138377E12
80,1.574319138471E12
81,1.574319138505E12
81,1.574319138505E12
82,1.574319138541E12
83,1.574319138573E12
84,1.574319138605E12
86,1.574319138674E12
86,1.574319138674E12
87,1.574319138707E12
88,1.574319138743E12
89,1.574319138773E12
90,1.574319138805E12
91,1.57431913884E12
92,1.574319138875E12
93,1.574319138906E12
94,1.574319138941E12
95,1.574319138976E12
96,1.574319139005E12
98,1.574319139072E12
98,1.574319139072E12
99,1.574319139104E12
100,1.574319139137E12
101,1.574319139176E12
102,1.574319139208E12
103,1.57431913924E12
104,1.574319139275E12
105,1.574319139305E12
106,1.574319139337E12
107,1.574319139375E12
108,1.574319139407E12
109,1.574319139441E12
110,1.574319139477E12
111,1.574319139507E12
112,1.57431913954E12
113,1.574319139571E12
114,1.574319139605E12
115,1.574319139639E12
116,1.574319139672E12
117,1.574319139709E12
118,1.574319139744E12
119,1.574319139771E12
120,1.574319139817E12
121,1.574319139842E12
122,1.574319139869E12
123,1.574319139908E12
124,1.574319139939E12
126,1.574319140041E12
127,1.574319140073E12
128,1.574319140105E12
128,1.574319140105E12
129,1.57431914014E12
130,1.574319140173E12
131,1.574319140204E12
132,1.574319140237E12
133,1.574319140276E12
134,1.574319140315E12
135,1.57431914034E12
136,1.574319140374E12
137,1.574319140406E12
138,1.574319140438E12
140,1.574319140547E12
141,1.574319140575E12
142,1.574319140609E12
142,1.574319140609E12
143,1.574319140651E12
144,1.574319140676E12
146,1.574319140778E12
146,1.574319140778E12
147,1.574319140854E12
148,1.574319140886E12
149,1.574319140944E12
150,1.574319140976E12
152,1.574319141107E12
153,1.574319141137E12
154,1.574319141181E12
155,1.574319141207E12
156,1.574319141237E12
157,1.574319141272E12
157,1.574319141272E12
158,1.574319141309E12
159,1.574319141376E12
161,1.574319141439E12
162,1.574319141471E12
162,1.574319141471E12
163,1.574319141503E12
164,1.574319141542E12
165,1.574319141616E12
0,0.0
1,1.574319190635E12
2,1.574319190673E12
3,1.574319190706E12
4,1.57431919074E12
5,1.574319190777E12
7,1.574319190842E12
8,1.574319190877E12
9,1.574319190907E12
9,1.574319190907E12
10,1.574319190941E12
11,1.574319190972E12
12,1.574319191007E12
14,1.57431919107E12
14,1.57431919107E12
15,1.574319191103E12
16,1.574319191135E12
17,1.574319191168E12
18,1.574319191203E12
19,1.574319191235E12
20,1.57431919127E12
21,1.574319191302E12
22,1.574319191335E12
23,1.574319191369E12
24,1.574319191403E12
25,1.574319191436E12
26,1.574319191469E12
27,1.574319191503E12
28,1.574319191535E12
29,1.574319191569E12
30,1.574319191603E12
31,1.574319191636E12
32,1.574319191669E12
33,1.574319191703E12
34,1.574319191737E12
35,1.574319191774E12
36,1.574319191806E12
37,1.574319191839E12
38,1.574319191877E12
39,1.574319191905E12
40,1.574319191942E12
41,1.574319191976E12
42,1.574319192008E12
43,1.574319192042E12
44,1.574319192076E12
45,1.574319192105E12
46,1.574319192141E12
47,1.574319192176E12
48,1.574319192207E12
49,1.574319192241E12
50,1.57431919228E12
51,1.574319192306E12
52,1.574319192342E12
53,1.574319192379E12
54,1.574319192409E12
55,1.574319192443E12
56,1.574319192469E12
57,1.574319192507E12
58,1.574319192556E12
60,1.574319192623E12
61,1.574319192641E12
62,1.574319192676E12
62,1.574319192676E12
64,1.574319192855E12
65,1.574319192875E12
66,1.574319192909E12
67,1.574319192938E12
67,1.574319192938E12
69,1.574319193087E12
70,1.574319193111E12
71,1.574319193141E12
72,1.574319193174E12
72,1.574319193174E12
73,1.574319193205E12
74,1.574319193239E12
75,1.574319193274E12
76,1.574319193304E12
77,1.574319193342E12
78,1.574319193374E12
79,1.574319193408E12
80,1.574319193439E12
81,1.574319193471E12
82,1.57431919351E12
83,1.574319193542E12
84,1.574319193572E12
85,1.574319193604E12
86,1.574319193643E12
87,1.574319193676E12
88,1.574319193707E12
89,1.574319193741E12
90,1.574319193775E12
91,1.574319193805E12
92,1.574319193841E12
93,1.574319193883E12
94,1.574319193909E12
95,1.574319193945E12
96,1.574319193986E12
97,1.574319194019E12
98,1.574319194093E12
99,1.574319194124E12
101,1.574319194245E12
102,1.574319194284E12
102,1.574319194284E12
104,1.574319194339E12
104,1.574319194339E12
105,1.574319194414E12
107,1.574319194557E12
108,1.574319194576E12
109,1.574319194604E12
110,1.574319194638E12
111,1.574319194675E12
111,1.574319194675E12
113,1.574319194771E12
114,1.574319194805E12
114,1.574319194805E12
115,1.574319194837E12
116,1.574319194873E12
0,0.0
1,1.57431921885E12
2,1.574319218887E12
3,1.574319218922E12
4,1.574319218956E12
5,1.574319218988E12
7,1.574319219052E12
8,1.574319219089E12
8,1.574319219089E12
9,1.574319219121E12
10,1.574319219153E12
11,1.574319219184E12
12,1.574319219218E12
13,1.574319219249E12
14,1.574319219285E12
15,1.574319219318E12
16,1.57431921935E12
17,1.574319219383E12
18,1.574319219418E12
19,1.574319219451E12
20,1.574319219484E12
21,1.574319219517E12
22,1.57431921955E12
23,1.574319219584E12
24,1.574319219617E12
25,1.57431921965E12
26,1.574319219686E12
27,1.574319219718E12
28,1.574319219751E12
29,1.574319219784E12
30,1.574319219817E12
31,1.57431921985E12
32,1.574319219885E12
33,1.574319219918E12
34,1.574319219952E12
35,1.574319219984E12
36,1.574319220024E12
37,1.57431922007E12
38,1.5743192201E12
39,1.574319220124E12
40,1.574319220163E12
41,1.574319220196E12
43,1.574319220324E12
43,1.574319220324E12
44,1.574319220357E12
45,1.574319220389E12
46,1.574319220422E12
47,1.574319220457E12
48,1.574319220491E12
49,1.574319220523E12
50,1.574319220557E12
51,1.574319220587E12
52,1.574319220622E12
53,1.574319220665E12
54,1.574319220692E12
55,1.574319220722E12
56,1.574319220759E12
57,1.574319220804E12
58,1.574319220858E12
59,1.574319220887E12
60,1.574319220919E12
61,1.574319220988E12
62,1.574319221025E12
63,1.574319221055E12
64,1.57431922109E12
65,1.574319221121E12
66,1.574319221158E12
67,1.574319221187E12
68,1.57431922122E12
69,1.574319221254E12
70,1.574319221289E12
71,1.574319221321E12
72,1.574319221359E12
73,1.57431922139E12
74,1.574319221425E12
75,1.574319221458E12
76,1.574319221497E12
77,1.574319221524E12
78,1.574319221568E12
79,1.574319221602E12
80,1.57431922163E12
81,1.574319221695E12
83,1.574319221828E12
85,1.574319221897E12
86,1.574319221927E12
86,1.574319221927E12
87,1.574319221957E12
87,1.574319221957E12
88,1.574319221998E12
90,1.574319222126E12
90,1.574319222126E12
91,1.574319222194E12
92,1.574319222221E12
93,1.574319222257E12
94,1.574319222288E12
95,1.574319222323E12
96,1.574319222353E12
97,1.574319222389E12
98,1.574319222423E12
99,1.574319222458E12
100,1.574319222488E12
101,1.574319222526E12
103,1.57431922259E12
104,1.574319222622E12
104,1.574319222622E12
105,1.574319222651E12
107,1.574319222727E12
107,1.574319222727E12
108,1.57431922276E12
109,1.574319222796E12
110,1.574319222824E12
111,1.574319222893E12
112,1.574319222924E12
113,1.574319222999E12
115,1.574319223054E12
115,1.574319223054E12
116,1.574319223087E12
117,1.574319223128E12
120,1.574319223301E12
121,1.574319223322E12
122,1.574319223354E12
122,1.574319223354E12
123,1.574319223389E12
123,1.574319223389E12
124,1.57431922349E12
125,1.574319223522E12
126,1.574319223554E12
127,1.574319223586E12
128,1.574319223619E12
129,1.574319223655E12
130,1.574319223701E12
131,1.574319223737E12
133,1.57431922379E12
133,1.57431922379E12
134,1.574319223818E12
135,1.574319223886E12
136,1.57431922392E12
137,1.574319223958E12
138,1.574319223983E12
139,1.57431922402E12
140,1.574319224056E12
141,1.574319224086E12
142,1.574319224122E12
144,1.574319224187E12
144,1.574319224187E12
145,1.574319224219E12
146,1.574319224263E12
147,1.574319224295E12
148,1.574319224319E12
149,1.574319224357E12
150,1.574319224385E12
151,1.574319224419E12
152,1.574319224454E12
153,1.574319224484E12
154,1.57431922452E12
155,1.574319224554E12
156,1.574319224586E12
157,1.574319224619E12
158,1.574319224656E12
159,1.574319224684E12
160,1.574319224722E12
161,1.574319224763E12
162,1.574319224784E12
163,1.57431922482E12
164,1.574319224864E12
165,1.574319224887E12
166,1.574319224957E12
167,1.574319224987E12
168,1.574319225056E12
169,1.574319225087E12
170,1.574319225125E12
171,1.574319225156E12
172,1.574319225192E12
173,1.574319225229E12
174,1.574319225256E12
175,1.574319225295E12
176,1.574319225325E12
177,1.574319225364E12
178,1.574319225423E12
179,1.57431922545E12
180,1.574319225491E12
181,1.574319225553E12
182,1.574319225587E12
183,1.574319225628E12
184,1.574319225651E12
185,1.574319225689E12
186,1.574319225717E12
187,1.574319225763E12
188,1.57431922582E12
189,1.574319225855E12
190,1.57431922589E12
191,1.574319225952E12
193,1.574319226022E12
194,1.574319226052E12
194,1.574319226052E12
195,1.57431922609E12
196,1.574319226118E12
197,1.574319226187E12
198,1.574319226219E12
199,1.574319226257E12
200,1.574319226286E12
201,1.57431922632E12
203,1.574319226395E12
203,1.574319226395E12
204,1.574319226431E12
205,1.574319226458E12
206,1.574319226484E12
207,1.574319226526E12
208,1.574319226621E12
209,1.574319226676E12
211,1.574319226752E12
212,1.574319226786E12
213,1.574319226826E12
214,1.574319226851E12
214,1.574319226851E12
216,1.574319226924E12
216,1.574319226924E12
0,0.0
1,1.574321086103E12
2,1.574321086146E12
3,1.574321086179E12
4,1.574321086212E12
5,1.57432108624E12
6,1.574321086273E12
7,1.574321086311E12
8,1.574321086341E12
9,1.574321086374E12
10,1.574321086405E12
11,1.574321086436E12
12,1.574321086471E12
13,1.574321086503E12
14,1.574321086537E12
15,1.574321086569E12
16,1.574321086603E12
17,1.574321086636E12
18,1.574321086672E12
19,1.574321086703E12
20,1.574321086737E12
21,1.57432108677E12
22,1.574321086805E12
23,1.574321086836E12
24,1.574321086871E12
25,1.574321086903E12
26,1.574321086938E12
27,1.574321086969E12
28,1.574321087004E12
29,1.574321087037E12
30,1.574321087069E12
31,1.574321087102E12
32,1.574321087137E12
34,1.574321087212E12
36,1.574321087277E12
37,1.574321087308E12
38,1.574321087344E12
39,1.574321087377E12
41,1.574321087441E12
41,1.574321087441E12
42,1.574321087489E12
44,1.574321087542E12
44,1.574321087542E12
45,1.574321087578E12
46,1.574321087622E12
48,1.574321087726E12
48,1.574321087726E12
49,1.57432108776E12
50,1.574321087784E12
51,1.574321087811E12
52,1.574321087848E12
53,1.574321087884E12
54,1.574321087918E12
55,1.574321087959E12
56,1.574321087985E12
57,1.574321088015E12
58,1.574321088075E12
59,1.574321088105E12
60,1.574321088144E12
61,1.574321088179E12
62,1.574321088212E12
63,1.574321088243E12
64,1.574321088278E12
65,1.574321088319E12
66,1.574321088347E12
67,1.574321088394E12
68,1.574321088416E12
69,1.574321088454E12
70,1.574321088514E12
72,1.574321088582E12
72,1.574321088582E12
73,1.574321088652E12
74,1.574321088679E12
76,1.574321088757E12
77,1.574321088783E12
77,1.574321088783E12
78,1.57432108885E12
79,1.574321088938E12
80,1.574321088982E12
81,1.574321089045E12
82,1.574321089077E12
83,1.574321089122E12
84,1.574321089154E12
85,1.574321089197E12
87,1.574321089275E12
88,1.574321089351E12
89,1.574321089383E12
89,1.574321089383E12
90,1.574321089449E12
91,1.574321089477E12
92,1.574321089511E12
93,1.574321089577E12
94,1.574321089617E12
95,1.574321089654E12
96,1.574321089683E12
97,1.574321089723E12
98,1.57432108975E12
99,1.574321089871E12
100,1.574321089952E12
101,1.574321089986E12
102,1.574321090021E12
103,1.574321090063E12
104,1.574321090093E12
106,1.574321090257E12
107,1.574321090285E12
108,1.574321090312E12
108,1.574321090312E12
109,1.574321090353E12
110,1.574321090381E12
111,1.57432109043E12
112,1.574321090497E12
114,1.574321090574E12
115,1.574321090606E12
115,1.574321090606E12
116,1.574321090653E12
117,1.574321090683E12
118,1.574321090718E12
120,1.574321090783E12
120,1.574321090783E12
121,1.574321090839E12
123,1.574321091013E12
124,1.574321091049E12
125,1.574321091078E12
126,1.574321091106E12
126,1.574321091106E12
127,1.574321091173E12
129,1.574321091271E12
129,1.574321091271E12
130,1.574321091309E12
131,1.574321091348E12
132,1.574321091374E12
133,1.57432109141E12
134,1.574321091442E12
135,1.574321091483E12
136,1.57432109151E12
137,1.57432109155E12
138,1.574321091587E12
139,1.574321091613E12
140,1.574321091676E12
141,1.574321091707E12
142,1.574321091784E12
144,1.574321091851E12
145,1.574321091877E12
145,1.574321091877E12
146,1.574321091917E12
147,1.574321091949E12
148,1.574321091986E12
149,1.57432109205E12
150,1.574321092091E12
151,1.57432109212E12
152,1.574321092184E12
153,1.574321092276E12
154,1.57432109232E12
155,1.574321092347E12
156,1.574321092389E12
157,1.57432109242E12
158,1.574321092447E12
160,1.574321092542E12
160,1.574321092542E12
162,1.574321092668E12
162,1.574321092668E12
164,1.574321092754E12
165,1.57432109278E12
166,1.574321092806E12
166,1.574321092806E12
167,1.574321092839E12
168,1.574321092891E12
169,1.574321092919E12
170,1.57432109295E12
171,1.574321092974E12
173,1.574321093042E12
173,1.574321093042E12
174,1.574321093161E12
176,1.57432109325E12
177,1.574321093313E12
178,1.574321093333E12
179,1.574321093357E12
179,1.574321093357E12
180,1.57432109343E12
181,1.574321093452E12
182,1.574321093482E12
184,1.574321093582E12
184,1.574321093582E12
185,1.57432109364E12
187,1.574321093708E12
187,1.574321093708E12
188,1.574321093743E12
189,1.574321093784E12
190,1.574321093806E12
191,1.574321093841E12
192,1.574321093877E12
193,1.574321093909E12
195,1.574321094018E12
196,1.574321094049E12
196,1.57432109408E12
197,1.57432109408E12
198,1.574321094125E12
199,1.574321094148E12
200,1.574321094219E12
202,1.574321094286E12
203,1.574321094309E12
203,1.574321094309E12
204,1.574321094349E12
206,1.574321094519E12
207,1.574321094552E12
208,1.574321094577E12
208,1.574321094577E12
209,1.574321094616E12
210,1.574321094647E12
212,1.574321094803E12
213,1.574321094844E12
213,1.574321094844E12
215,1.574321094927E12
216,1.574321094948E12
216,1.574321094948E12
218,1.574321095018E12
218,1.574321095018E12
219,1.574321095048E12
221,1.574321095109E12
221,1.574321095109E12
222,1.574321095143E12
223,1.574321095187E12
224,1.57432109521E12
225,1.57432109524E12
226,1.574321095273E12
227,1.574321095308E12
229,1.57432109546E12
231,1.574321095512E12
232,1.574321095539E12
232,1.574321095539E12
232,1.574321095539E12
233,1.574321095613E12
234,1.574321095682E12
235,1.574321095713E12
236,1.574321095742E12
237,1.574321095784E12
238,1.57432109582E12
239,1.574321095847E12
240,1.574321095876E12
241,1.574321095909E12
243,1.574321096045E12
244,1.574321096076E12
245,1.574321096112E12
245,1.574321096112E12
246,1.574321096147E12
0,0.0
1,1.574321171738E12
2,1.574321171771E12
3,1.574321171808E12
4,1.574321171836E12
5,1.57432117187E12
6,1.574321171943E12
7,1.574321171943E12
8,1.574321171975E12
9,1.574321172005E12
10,1.574321172037E12
11,1.574321172069E12
12,1.574321172102E12
13,1.574321172134E12
14,1.57432117217E12
15,1.574321172201E12
16,1.574321172234E12
17,1.574321172267E12
18,1.574321172303E12
19,1.574321172334E12
20,1.574321172368E12
21,1.574321172401E12
22,1.574321172435E12
23,1.574321172469E12
24,1.574321172502E12
25,1.574321172534E12
26,1.574321172569E12
27,1.574321172603E12
28,1.574321172635E12
29,1.574321172669E12
30,1.574321172703E12
31,1.574321172734E12
32,1.574321172769E12
33,1.574321172803E12
34,1.574321172842E12
35,1.574321172869E12
36,1.574321172909E12
37,1.574321172942E12
38,1.574321172977E12
39,1.574321173008E12
41,1.574321173076E12
42,1.574321173103E12
42,1.574321173103E12
43,1.574321173139E12
44,1.574321173172E12
45,1.574321173207E12
46,1.574321173236E12
47,1.574321173271E12
48,1.574321173308E12
49,1.574321173341E12
50,1.574321173377E12
51,1.574321173403E12
52,1.574321173459E12
53,1.574321173483E12
54,1.574321173532E12
55,1.574321173599E12
56,1.574321173667E12
57,1.574321173711E12
58,1.574321173743E12
59,1.574321173772E12
60,1.57432117381E12
61,1.574321173837E12
62,1.574321173875E12
63,1.574321173913E12
64,1.57432117395E12
65,1.574321173987E12
66,1.574321174012E12
67,1.57432117406E12
68,1.574321174083E12
70,1.574321174219E12
70,1.574321174219E12
71,1.574321174286E12
72,1.574321174328E12
73,1.574321174421E12
75,1.574321174563E12
76,1.574321174612E12
77,1.574321174646E12
77,1.574321174646E12
78,1.574321174683E12
79,1.574321174712E12
80,1.574321174749E12
81,1.574321174777E12
82,1.57432117481E12
83,1.57432117489E12
85,1.574321174983E12
85,1.574321174983E12
86,1.574321175011E12
87,1.574321175046E12
88,1.57432117508E12
89,1.574321175106E12
90,1.574321175171E12
91,1.574321175216E12
92,1.574321175247E12
93,1.574321175275E12
95,1.574321175349E12
95,1.574321175349E12
96,1.574321175417E12
97,1.574321175454E12
99,1.574321175557E12
99,1.574321175557E12
101,1.574321175672E12
102,1.574321175705E12
102,1.574321175705E12
103,1.574321175756E12
104,1.574321175778E12
105,1.574321175869E12
106,1.574321175903E12
107,1.574321175952E12
108,1.57432117598E12
110,1.574321176053E12
111,1.574321176076E12
111,1.574321176076E12
112,1.574321176143E12
113,1.574321176177E12
114,1.574321176245E12
115,1.574321176276E12
116,1.574321176317E12
118,1.574321176383E12
118,1.574321176383E12
119,1.574321176423E12
120,1.574321176449E12
121,1.574321176515E12
122,1.574321176552E12
123,1.574321176577E12
124,1.574321176609E12
125,1.574321176644E12
126,1.574321176678E12
127,1.574321176727E12
128,1.574321176772E12
129,1.574321176802E12
130,1.574321176838E12
131,1.574321176875E12
132,1.574321176909E12
134,1.574321177016E12
134,1.574321177016E12
135,1.574321177063E12
137,1.57432117711E12
137,1.57432117711E12
138,1.574321177149E12
139,1.574321177185E12
140,1.574321177216E12
141,1.574321177248E12
142,1.574321177276E12
143,1.57432117731E12
144,1.574321177348E12
146,1.574321177444E12
146,1.574321177444E12
147,1.574321177475E12
148,1.574321177517E12
149,1.574321177541E12
151,1.574321177653E12
151,1.574321177653E12
153,1.574321177757E12
153,1.574321177757E12
155,1.57432117789E12
156,1.57432117792E12
157,1.574321177939E12
158,1.574321177971E12
158,1.574321177971E12
159,1.574321178006E12
160,1.574321178052E12
161,1.574321178114E12
162,1.574321178144E12
163,1.574321178191E12
164,1.574321178243E12
165,1.574321178308E12
167,1.574321178408E12
168,1.574321178458E12
169,1.574321178482E12
170,1.574321178508E12
170,1.574321178508E12
172,1.574321178609E12
172,1.574321178609E12
173,1.574321178695E12
175,1.57432117881E12
177,1.574321178872E12
178,1.574321178908E12
178,1.574321178908E12
178,1.574321178908E12
179,1.574321178976E12
181,1.574321179079E12
182,1.574321179109E12
183,1.574321179142E12
183,1.574321179142E12
184,1.574321179184E12
185,1.574321179216E12
186,1.574321179238E12
187,1.574321179275E12
188,1.574321179318E12
190,1.574321179416E12
191,1.574321179461E12
193,1.57432117954E12
193,1.57432117954E12
194,1.574321179577E12
195,1.574321179606E12
195,1.574321179606E12
196,1.574321179638E12
197,1.57432117967E12
198,1.574321179706E12
199,1.574321179738E12
201,1.574321179805E12
201,1.574321179805E12
203,1.574321179882E12
203,1.574321179882E12
204,1.574321179915E12
205,1.574321179999E12
208,1.574321180188E12
210,1.574321180239E12
210,1.574321180239E12
210,1.574321180239E12
210,1.574321180239E12
211,1.574321180338E12
213,1.57432118045E12
214,1.574321180501E12
215,1.57432118054E12
215,1.57432118054E12
217,1.574321180683E12
218,1.574321180709E12
218,1.574321180709E12
220,1.574321180788E12
220,1.574321180788E12
222,1.574321180922E12
222,1.574321180922E12
224,1.574321181005E12
224,1.574321181005E12
225,1.574321181041E12
226,1.57432118111E12
227,1.574321181144E12
228,1.574321181173E12
229,1.574321181208E12
230,1.574321181241E12
231,1.574321181275E12
232,1.574321181306E12
233,1.574321181337E12
234,1.574321181371E12
235,1.574321181415E12
236,1.574321181441E12
237,1.574321181473E12
238,1.574321181504E12
239,1.574321181541E12
240,1.574321181615E12
241,1.574321181651E12
242,1.574321181681E12
243,1.574321181711E12
245,1.574321181783E12
245,1.574321181783E12
246,1.574321181873E12
247,1.574321181905E12
248,1.574321181976E12
250,1.574321182047E12
250,1.574321182047E12
252,1.574321182107E12
252,1.574321182107E12
253,1.574321182149E12
254,1.574321182294E12
256,1.574321182383E12
256,1.574321182383E12
257,1.574321182416E12
258,1.574321182447E12
259,1.574321182481E12
260,1.574321182617E12
262,1.574321182755E12
262,1.574321182755E12
263,1.574321182812E12
264,1.574321182848E12
265,1.574321182876E12
266,1.574321182912E12
267,1.574321182943E12
268,1.574321182971E12
269,1.574321183013E12
270,1.574321183038E12
271,1.574321183071E12
272,1.574321183107E12
273,1.574321183143E12
274,1.574321183227E12
275,1.574321183259E12
276,1.574321183286E12
277,1.574321183316E12
278,1.574321183356E12
279,1.574321183383E12
280,1.574321183409E12
281,1.574321183518E12
284,1.574321183657E12
284,1.574321183657E12
285,1.574321183708E12
285,1.574321183708E12
286,1.574321183758E12
287,1.574321183782E12
288,1.574321183808E12
289,1.57432118384E12
290,1.574321183881E12
291,1.574321183906E12
292,1.574321183999E12
293,1.574321184059E12
295,1.57432118411E12
295,1.57432118411E12
296,1.574321184137E12
297,1.574321184171E12
298,1.574321184208E12
299,1.574321184242E12
300,1.574321184274E12
301,1.574321184311E12
302,1.574321184344E12
303,1.574321184387E12
304,1.574321184408E12
305,1.574321184474E12
306,1.574321184515E12
308,1.574321184605E12
310,1.57432118467E12
310,1.57432118467E12
310,1.57432118467E12
311,1.57432118472E12
312,1.57432118479E12
314,1.5743211849E12
314,1.5743211849E12
315,1.574321184965E12
316,1.574321184989E12
317,1.574321185024E12
319,1.574321185115E12
319,1.574321185115E12
320,1.574321185143E12
321,1.57432118517E12
322,1.574321185207E12
323,1.574321185255E12
324,1.574321185317E12
325,1.574321185346E12
327,1.57432118542E12
327,1.57432118542E12
328,1.574321185452E12
330,1.574321185547E12
330,1.574321185547E12
332,1.574321185651E12
332,1.574321185651E12
333,1.574321185716E12
334,1.574321185769E12
336,1.574321185885E12
338,1.574321185946E12
339,1.574321185983E12
339,1.574321185983E12
340,1.574321186013E12
340,1.574321186013E12
341,1.57432118614E12
342,1.574321186178E12
343,1.574321186217E12
345,1.574321186274E12
345,1.574321186274E12
346,1.574321186309E12
347,1.574321186381E12
349,1.574321186443E12
350,1.574321186474E12
351,1.574321186503E12
351,1.574321186503E12
353,1.574321186646E12
354,1.574321186675E12
355,1.574321186706E12
355,1.574321186706E12
356,1.574321186755E12
358,1.574321186855E12
360,1.574321186912E12
361,1.574321186942E12
361,1.574321186942E12
362,1.574321186989E12
363,1.574321187007E12
363,1.574321187007E12
364,1.574321187088E12
366,1.574321187152E12
367,1.574321187181E12
368,1.574321187208E12
368,1.574321187208E12
370,1.574321187273E12
370,1.574321187273E12
371,1.574321187326E12
372,1.574321187351E12
373,1.574321187383E12
374,1.574321187407E12
375,1.574321187446E12
376,1.574321187475E12
378,1.574321187621E12
379,1.57432118764E12
380,1.574321187669E12
381,1.574321187703E12
381,1.574321187703E12
382,1.57432118774E12
383,1.574321187773E12
384,1.574321187803E12
385,1.574321187848E12
386,1.57432118788E12
387,1.574321187909E12
388,1.574321187941E12
389,1.574321187974E12
390,1.574321188011E12
392,1.574321188129E12
394,1.574321188174E12
395,1.574321188207E12
395,1.574321188207E12
395,1.574321188207E12
396,1.574321188298E12
398,1.574321188388E12
399,1.574321188413E12
399,1.574321188413E12
401,1.574321188474E12
401,1.574321188474E12
403,1.574321188551E12
403,1.574321188551E12
405,1.574321188682E12
406,1.574321188705E12
407,1.574321188739E12
407,1.574321188739E12
408,1.574321188772E12
409,1.574321188826E12
410,1.574321188901E12
411,1.574321188965E12
412,1.574321189006E12
413,1.574321189037E12
414,1.57432118907E12
415,1.574321189107E12
417,1.57432118918E12
418,1.574321189206E12
419,1.574321189236E12
420,1.574321189273E12
420,1.574321189273E12
421,1.574321189312E12
422,1.574321189341E12
423,1.574321189375E12
424,1.574321189407E12
426,1.574321189469E12
426,1.574321189469E12
427,1.574321189505E12
429,1.574321189574E12
429,1.574321189574E12
430,1.574321189608E12
431,1.574321189641E12
432,1.574321189673E12
433,1.574321189713E12
434,1.574321189743E12
435,1.574321189773E12
436,1.574321189806E12
437,1.574321189843E12
438,1.574321189875E12
439,1.574321189909E12
440,1.57432118996E12
442,1.574321190009E12
442,1.574321190009E12
443,1.574321190041E12
444,1.574321190081E12
445,1.574321190106E12
446,1.574321190191E12
447,1.574321190231E12
448,1.574321190276E12
449,1.574321190313E12
450,1.574321190346E12
452,1.574321190404E12
452,1.574321190404E12
453,1.574321190435E12
454,1.574321190544E12
456,1.574321190606E12
456,1.574321190606E12
457,1.574321190647E12
458,1.574321190689E12
459,1.57432119072E12
460,1.574321190785E12
461,1.574321190851E12
463,1.574321190938E12
464,1.574321190973E12
464,1.574321190973E12
465,1.574321191064E12
466,1.574321191107E12
467,1.574321191137E12
468,1.574321191171E12
471,1.574321191272E12
472,1.574321191308E12
473,1.574321191341E12
474,1.57432119138E12
475,1.574321191407E12
476,1.574321191438E12
477,1.57432119147E12
477,1.57432119147E12
478,1.574321191509E12
478,1.574321191509E12
480,1.574321191613E12
480,1.574321191613E12
481,1.574321191648E12
483,1.574321191708E12
483,1.574321191708E12
484,1.574321191773E12
485,1.574321191801E12
486,1.574321191835E12
487,1.574321191872E12
488,1.574321191907E12
489,1.57432119194E12
490,1.574321191976E12
491,1.574321192006E12
492,1.574321192043E12
493,1.57432119208E12
494,1.574321192112E12
495,1.574321192136E12
496,1.574321192175E12
497,1.574321192217E12
499,1.574321192368E12
500,1.574321192407E12
501,1.574321192441E12
502,1.574321192473E12
503,1.574321192507E12
504,1.574321192538E12
505,1.574321192572E12
505,1.574321192572E12
506,1.574321192609E12
507,1.574321192643E12
509,1.574321192707E12
509,1.574321192707E12
511,1.574321192773E12
511,1.574321192773E12
512,1.574321192811E12
514,1.574321192916E12
516,1.574321192986E12
517,1.574321193017E12
517,1.574321193017E12
517,1.574321193017E12
518,1.574321193107E12
520,1.574321193239E12
521,1.574321193269E12
522,1.574321193302E12
523,1.574321193337E12
523,1.574321193337E12
524,1.574321193373E12
525,1.574321193412E12
527,1.574321193475E12
527,1.574321193475E12
528,1.574321193516E12
529,1.574321193551E12
530,1.574321193575E12
531,1.574321193647E12
533,1.574321193797E12
534,1.574321193853E12
535,1.57432119388E12
536,1.574321193904E12
537,1.574321193938E12
538,1.574321193969E12
538,1.574321193969E12
539,1.574321194013E12
541,1.57432119412E12
543,1.574321194171E12
544,1.574321194204E12
544,1.574321194204E12
545,1.574321194242E12
546,1.574321194269E12
546,1.574321194269E12
548,1.574321194371E12
548,1.574321194371E12
549,1.574321194407E12
550,1.574321194441E12
551,1.574321194472E12
553,1.574321194593E12
555,1.574321194638E12
556,1.574321194668E12
556,1.574321194668E12
557,1.574321194706E12
558,1.574321194738E12
558,1.574321194738E12
559,1.574321194772E12
560,1.574321194805E12
561,1.574321194839E12
562,1.574321194872E12
564,1.574321194948E12
566,1.574321195015E12
567,1.574321195052E12
568,1.574321195076E12
568,1.574321195076E12
569,1.574321195144E12
569,1.574321195144E12
571,1.574321195272E12
571,1.574321195272E12
573,1.574321195376E12
574,1.574321195409E12
575,1.574321195438E12
576,1.574321195472E12
577,1.57432119551E12
577,1.57432119551E12
579,1.57432119558E12
579,1.57432119558E12
580,1.574321195624E12
581,1.574321195664E12
583,1.574321195825E12
584,1.574321195869E12
585,1.574321195904E12
586,1.574321195937E12
586,1.574321195937E12
588,1.574321196034E12
589,1.574321196069E12
589,1.574321196069E12
590,1.574321196103E12
591,1.574321196135E12
592,1.574321196168E12
593,1.574321196204E12
594,1.574321196233E12
595,1.574321196271E12
597,1.574321196332E12
598,1.574321196366E12
598,1.574321196366E12
599,1.5743211964E12
601,1.57432119648E12
602,1.574321196505E12
602,1.574321196505E12
604,1.574321196579E12
604,1.574321196579E12
605,1.574321196613E12
607,1.574321196718E12
608,1.574321196795E12
608,1.574321196795E12
610,1.574321196936E12
611,1.574321196968E12
612,1.574321197001E12
612,1.574321197001E12
613,1.574321197044E12
615,1.574321197114E12
616,1.574321197139E12
616,1.574321197139E12
617,1.574321197181E12
618,1.574321197216E12
620,1.574321197353E12
620,1.574321197353E12
621,1.574321197401E12
622,1.574321197439E12
624,1.574321197551E12
625,1.574321197571E12
627,1.574321197638E12
627,1.574321197638E12
627,1.574321197638E12
628,1.574321197741E12
630,1.574321197802E12
631,1.574321197836E12
631,1.574321197836E12
632,1.574321197869E12
633,1.574321197904E12
634,1.574321198002E12
635,1.574321198053E12
636,1.574321198091E12
637,1.574321198123E12
639,1.574321198175E12
639,1.574321198175E12
641,1.574321198276E12
642,1.574321198316E12
643,1.57432119834E12
643,1.57432119834E12
644,1.574321198379E12
645,1.574321198407E12
646,1.574321198445E12
647,1.574321198519E12
649,1.574321198601E12
650,1.574321198633E12
651,1.57432119867E12
652,1.574321198701E12
653,1.574321198737E12
653,1.574321198737E12
654,1.574321198772E12
655,1.574321198802E12
656,1.574321198839E12
657,1.574321198866E12
658,1.574321198906E12
659,1.574321198936E12
660,1.574321198976E12
661,1.574321199013E12
662,1.574321199044E12
664,1.574321199111E12
665,1.57432119914E12
665,1.57432119914E12
666,1.574321199178E12
667,1.57432119921E12
668,1.574321199244E12
669,1.574321199276E12
670,1.574321199321E12
671,1.574321199346E12
672,1.574321199381E12
673,1.574321199409E12
674,1.574321199448E12
675,1.574321199472E12
676,1.574321199518E12
677,1.574321199575E12
678,1.574321199636E12
679,1.57432119973E12
680,1.574321199768E12
681,1.574321199811E12
682,1.57432119984E12
683,1.57432119987E12
684,1.574321199906E12
685,1.574321199941E12
686,1.574321199972E12
687,1.574321200012E12
689,1.574321200067E12
689,1.574321200067E12
690,1.574321200108E12
691,1.574321200138E12
692,1.574321200165E12
693,1.574321200199E12
694,1.574321200239E12
695,1.574321200278E12
696,1.574321200309E12
697,1.574321200348E12
698,1.574321200384E12
699,1.574321200411E12
700,1.574321200449E12
701,1.574321200478E12
702,1.574321200511E12
703,1.574321200589E12
705,1.574321200733E12
707,1.57432120081E12
707,1.57432120081E12
708,1.574321200872E12
709,1.574321200899E12
710,1.574321200937E12
710,1.574321200937E12
711,1.574321201013E12
712,1.574321201044E12
713,1.574321201077E12
714,1.574321201105E12
715,1.574321201144E12
716,1.574321201241E12
717,1.574321201276E12
719,1.574321201379E12
720,1.574321201412E12
720,1.574321201412E12
722,1.574321201511E12
722,1.574321201511E12
723,1.574321201571E12
724,1.574321201606E12
725,1.574321201648E12
727,1.574321201739E12
728,1.574321201769E12
728,1.574321201769E12
730,1.574321201906E12
731,1.574321201934E12
732,1.574321201966E12
733,1.574321202E12
733,1.574321202E12
734,1.574321202035E12
735,1.574321202073E12
736,1.57432120211E12
738,1.574321202171E12
738,1.574321202171E12
739,1.574321202213E12
740,1.574321202239E12
741,1.57432120228E12
742,1.574321202345E12
743,1.574321202412E12
744,1.57432120248E12
745,1.574321202545E12
746,1.57432120262E12
747,1.574321202669E12
749,1.574321202778E12
750,1.574321202815E12
751,1.574321202837E12
752,1.574321202866E12
752,1.574321202866E12
753,1.574321202904E12
754,1.574321203029E12
756,1.57432120311E12
758,1.574321203169E12
759,1.574321203203E12
760,1.574321203233E12
761,1.574321203276E12
761,1.574321203276E12
762,1.574321203341E12
762,1.574321203341E12
763,1.574321203375E12
764,1.574321203412E12
766,1.574321203508E12
767,1.574321203538E12
767,1.574321203538E12
769,1.574321203638E12
770,1.574321203667E12
771,1.574321203703E12
771,1.574321203703E12
772,1.574321203736E12
774,1.574321203836E12
774,1.574321203836E12
775,1.574321203891E12
777,1.574321203943E12
778,1.574321203969E12
778,1.574321203969E12
779,1.57432120401E12
781,1.57432120407E12
781,1.57432120407E12
782,1.574321204165E12
783,1.574321204209E12
785,1.574321204276E12
786,1.574321204314E12
787,1.574321204342E12
787,1.574321204342E12
788,1.574321204442E12
789,1.574321204504E12
790,1.574321204543E12
791,1.574321204574E12
792,1.574321204614E12
793,1.574321204645E12
794,1.574321204681E12
795,1.574321204757E12
798,1.574321204939E12
799,1.57432120497E12
800,1.574321205005E12
800,1.574321205005E12
801,1.574321205043E12
802,1.574321205076E12
803,1.574321205101E12
803,1.574321205101E12
804,1.574321205146E12
805,1.574321205171E12
806,1.574321205276E12
807,1.574321205365E12
808,1.574321205411E12
809,1.574321205468E12
811,1.574321205532E12
811,1.574321205532E12
813,1.574321205638E12
814,1.574321205671E12
814,1.574321205671E12
815,1.57432120571E12
816,1.57432120574E12
817,1.574321205772E12
818,1.574321205804E12
819,1.574321205833E12
820,1.57432120591E12
821,1.574321205944E12
822,1.574321205975E12
823,1.574321206012E12
825,1.57432120607E12
825,1.57432120607E12
826,1.574321206138E12
828,1.574321206268E12
829,1.574321206299E12
829,1.574321206299E12
831,1.574321206372E12
831,1.574321206372E12
832,1.574321206401E12
833,1.574321206444E12
834,1.574321206468E12
835,1.574321206504E12
836,1.574321206536E12
837,1.574321206575E12
839,1.574321206667E12
839,1.574321206667E12
840,1.5743212067E12
841,1.57432120673E12
843,1.574321206803E12
844,1.574321206842E12
844,1.574321206842E12
845,1.57432120687E12
846,1.574321206901E12
847,1.574321206966E12
848,1.574321207003E12
851,1.574321207103E12
852,1.574321207143E12
856,1.574321207267E12
860,1.574321207443E12
861,1.574321207472E12
861,1.574321207472E12
863,1.574321207587E12
863,1.574321207587E12
864,1.57432120765E12
865,1.574321207686E12
867,1.574321207741E12
868,1.574321207766E12
868,1.574321207766E12
869,1.574321207835E12
870,1.574321207868E12
871,1.574321207904E12
872,1.574321207934E12
873,1.57432120797E12
874,1.574321208005E12
876,1.574321208076E12
877,1.574321208104E12
877,1.574321208104E12
878,1.574321208149E12
879,1.574321208184E12
881,1.574321208324E12
881,1.574321208324E12
882,1.574321208365E12
883,1.57432120841E12
885,1.574321208508E12
886,1.574321208548E12
886,1.574321208548E12
887,1.574321208609E12
888,1.574321208636E12
890,1.574321208775E12
891,1.574321208806E12
891,1.574321208806E12
892,1.574321208839E12
893,1.574321208875E12
895,1.574321208979E12
896,1.57432120901E12
896,1.57432120901E12
898,1.574321209113E12
898,1.574321209113E12
900,1.574321209209E12
900,1.574321209209E12
902,1.57432120934E12
902,1.57432120934E12
904,1.574321209434E12
904,1.574321209434E12
906,1.574321209536E12
906,1.574321209536E12
907,1.574321209576E12
908,1.574321209606E12
909,1.574321209648E12
910,1.574321209675E12
911,1.574321209708E12
912,1.574321209786E12
914,1.574321209921E12
915,1.574321209978E12
916,1.574321210015E12
917,1.574321210044E12
917,1.574321210044E12
918,1.574321210081E12
919,1.574321210109E12
920,1.57432121017E12
922,1.574321210309E12
923,1.574321210333E12
924,1.574321210366E12
924,1.574321210366E12
925,1.574321210404E12
926,1.574321210433E12
927,1.5743212105E12
929,1.574321210566E12
930,1.574321210598E12
930,1.574321210598E12
931,1.574321210642E12
932,1.574321210668E12
934,1.574321210737E12
935,1.574321210766E12
936,1.574321210798E12
936,1.574321210798E12
937,1.574321210835E12
938,1.574321210866E12
939,1.574321210903E12
941,1.574321210973E12
941,1.574321210973E12
942,1.574321211017E12
944,1.57432121108E12
944,1.57432121108E12
945,1.574321211138E12
946,1.574321211169E12
947,1.574321211214E12
948,1.574321211302E12
950,1.574321211371E12
951,1.574321211398E12
952,1.574321211432E12
952,1.574321211432E12
953,1.574321211475E12
955,1.574321211583E12
956,1.574321211612E12
958,1.574321211664E12
958,1.574321211664E12
959,1.574321211698E12
959,1.574321211698E12
961,1.574321211835E12
962,1.574321211865E12
962,1.574321211865E12
963,1.5743212119E12
964,1.574321211937E12
965,1.574321211975E12
966,1.574321212009E12
967,1.574321212034E12
969,1.574321212102E12
970,1.57432121213E12
970,1.57432121213E12
971,1.574321212223E12
973,1.574321212312E12
974,1.574321212336E12
975,1.574321212367E12
976,1.574321212404E12
977,1.574321212436E12
977,1.574321212436E12
978,1.574321212505E12
980,1.574321212576E12
981,1.574321212602E12
981,1.574321212602E12
982,1.574321212636E12
983,1.57432121268E12
986,1.574321212843E12
987,1.574321212873E12
989,1.574321212932E12
990,1.574321212963E12
990,1.574321212963E12
991,1.574321213006E12
992,1.574321213032E12
992,1.574321213032E12
993,1.574321213069E12
993,1.574321213069E12
994,1.574321213102E12
995,1.574321213141E12
996,1.574321213174E12
997,1.574321213209E12
998,1.574321213238E12
999,1.574321213288E12
1001,1.574321213336E12
1001,1.574321213336E12
1003,1.574321213445E12
1004,1.57432121347E12
1004,1.57432121347E12
1005,1.57432121351E12
1006,1.574321213541E12
1007,1.574321213655E12
1008,1.57432121371E12
1010,1.574321213775E12
1011,1.574321213808E12
1011,1.574321213808E12
1012,1.574321213846E12
1014,1.574321214057E12
1015,1.574321214107E12
1016,1.574321214132E12
1017,1.574321214168E12
1017,1.574321214168E12
1019,1.574321214246E12
1019,1.574321214246E12
1021,1.57432121434E12
1021,1.57432121434E12
1022,1.574321214454E12
1024,1.574321214584E12
1025,1.574321214602E12
1026,1.574321214634E12
1027,1.574321214674E12
1028,1.574321214712E12
1028,1.574321214712E12
1029,1.574321214742E12
1030,1.574321214781E12
1031,1.574321214814E12
1032,1.57432121484E12
1034,1.574321214943E12
1034,1.574321214943E12
1035,1.574321214979E12
1036,1.574321215005E12
1037,1.574321215041E12
1038,1.574321215073E12
1039,1.574321215175E12
1041,1.574321215239E12
1042,1.574321215268E12
1042,1.574321215268E12
1043,1.574321215307E12
1045,1.574321215442E12
1047,1.574321215501E12
1048,1.574321215532E12
1048,1.574321215532E12
1048,1.574321215532E12
1050,1.57432121571E12
1052,1.574321215779E12
1053,1.574321215808E12
1054,1.574321215836E12
1055,1.574321215865E12
1055,1.574321215865E12
1055,1.574321215865E12
1056,1.574321216026E12
1058,1.574321216105E12
1058,1.574321216105E12
1059,1.57432121615E12
1060,1.574321216174E12
1061,1.574321216219E12
1063,1.574321216316E12
1064,1.574321216339E12
1065,1.574321216368E12
1066,1.574321216398E12
1066,1.574321216398E12
1068,1.574321216521E12
1070,1.574321216568E12
1071,1.5743212166E12
1071,1.5743212166E12
1071,1.5743212166E12
1072,1.574321216674E12
1074,1.574321216768E12
1075,1.574321216797E12
1075,1.574321216797E12
1076,1.574321216833E12
1077,1.574321216861E12
1079,1.574321216933E12
1080,1.574321216968E12
1080,1.574321216968E12
1081,1.574321217006E12
1082,1.574321217046E12
1084,1.574321217145E12
1086,1.57432121721E12
1087,1.574321217235E12
1088,1.574321217265E12
1088,1.574321217265E12
1088,1.574321217265E12
1089,1.57432121735E12
1090,1.574321217431E12
1092,1.574321217505E12
1093,1.57432121754E12
1094,1.574321217566E12
1094,1.574321217566E12
1095,1.574321217599E12
1096,1.574321217678E12
1098,1.574321217774E12
1099,1.574321217799E12
1099,1.574321217799E12
1100,1.57432121787E12
1101,1.574321217907E12
1103,1.574321218011E12
1104,1.574321218043E12
1105,1.574321218064E12
1106,1.574321218095E12
1106,1.574321218095E12
1107,1.574321218261E12
1109,1.574321218343E12
1109,1.574321218343E12
1110,1.574321218374E12
1112,1.574321218438E12
1112,1.574321218438E12
1114,1.574321218611E12
1116,1.574321218665E12
1116,1.574321218665E12
1117,1.574321218701E12
1117,1.574321218701E12
1119,1.574321218832E12
1120,1.574321218863E12
1122,1.574321218928E12
1123,1.574321218962E12
1123,1.574321218962E12
1124,1.574321219005E12
1125,1.574321219031E12
1125,1.574321219031E12
1126,1.574321219068E12
1127,1.574321219109E12
1128,1.574321219143E12
1129,1.574321219179E12
1130,1.574321219206E12
1131,1.574321219232E12
1133,1.574321219308E12
1134,1.57432121934E12
1134,1.57432121934E12
1136,1.574321219446E12
1136,1.574321219446E12
1138,1.574321219578E12
1138,1.574321219578E12
1140,1.574321219636E12
1140,1.574321219636E12
1141,1.574321219665E12
1143,1.574321219733E12
1143,1.574321219733E12
1144,1.57432121977E12
1145,1.574321219798E12
1146,1.574321219836E12
1147,1.57432121988E12
1149,1.574321219935E12
1150,1.574321219968E12
1151,1.574321220006E12
1151,1.574321220006E12
1153,1.574321220138E12
1154,1.574321220173E12
1154,1.574321220173E12
1155,1.574321220224E12
1156,1.574321220272E12
1157,1.574321220309E12
1158,1.574321220353E12
1160,1.574321220403E12
1160,1.574321220403E12
1161,1.574321220432E12
1162,1.574321220472E12
1163,1.574321220507E12
1164,1.574321220533E12
1165,1.574321220569E12
1167,1.574321220629E12
1167,1.574321220629E12
1169,1.574321220734E12
1169,1.574321220734E12
1170,1.574321220801E12
1171,1.574321220833E12
1172,1.574321220869E12
1173,1.5743212209E12
1174,1.574321220929E12
1175,1.574321220964E12
1176,1.574321221001E12
1177,1.574321221034E12
1178,1.574321221066E12
1179,1.574321221099E12
1180,1.574321221134E12
1181,1.574321221168E12
1182,1.574321221197E12
1183,1.574321221235E12
1184,1.574321221267E12
1185,1.574321221313E12
1186,1.574321221335E12
1188,1.574321221407E12
1189,1.57432122144E12
1189,1.57432122144E12
1190,1.574321221474E12
1191,1.57432122151E12
1192,1.574321221534E12
1194,1.574321221746E12
1195,1.574321221768E12
1196,1.574321221798E12
1197,1.57432122183E12
1197,1.57432122183E12
1199,1.574321221982E12
1200,1.574321222004E12
1201,1.574321222036E12
1201,1.574321222036E12
1202,1.574321222073E12
1204,1.57432122214E12
1205,1.574321222169E12
1205,1.574321222169E12
1206,1.574321222209E12
1208,1.574321222342E12
1208,1.574321222342E12
1209,1.574321222395E12
1210,1.574321222431E12
1211,1.57432122247E12
1213,1.574321222563E12
1213,1.574321222563E12
1215,1.574321222642E12
1216,1.57432122267E12
1216,1.57432122267E12
1217,1.574321222713E12
1218,1.574321222744E12
1219,1.574321222849E12
1221,1.574321222967E12
1222,1.574321223004E12
1223,1.574321223039E12
1224,1.574321223073E12
1224,1.574321223073E12
1226,1.574321223176E12
1226,1.574321223176E12
1227,1.574321223263E12
1230,1.574321223442E12
1232,1.5743212235E12
1232,1.5743212235E12
1233,1.57432122357E12
1233,1.57432122357E12
1234,1.574321223632E12
1235,1.574321223666E12
1235,1.574321223666E12
1237,1.574321223749E12
1238,1.574321223773E12
1239,1.574321223799E12
1240,1.574321223829E12
1240,1.574321223829E12
1241,1.574321223874E12
1242,1.574321223916E12
1244,1.574321224027E12
1245,1.574321224074E12
1246,1.574321224097E12
1247,1.574321224128E12
1248,1.574321224164E12
1248,1.574321224164E12
1249,1.5743212242E12
1251,1.5743212243E12
1251,1.5743212243E12
1252,1.574321224333E12
1253,1.574321224375E12
1254,1.57432122441E12
1255,1.574321224439E12
1256,1.574321224473E12
1257,1.574321224504E12
1258,1.574321224609E12
1260,1.574321224718E12
1261,1.574321224744E12
1261,1.574321224744E12
1262,1.574321224804E12
1264,1.574321224864E12
1264,1.574321224864E12
1265,1.574321224903E12
1266,1.574321224937E12
1267,1.574321224966E12
1269,1.574321225073E12
1270,1.574321225128E12
1270,1.574321225128E12
1271,1.574321225169E12
1273,1.574321225277E12
1275,1.57432122533E12
1276,1.574321225359E12
1276,1.574321225359E12
1276,1.574321225359E12
1278,1.574321225548E12
1279,1.574321225562E12
1280,1.574321225597E12
1281,1.574321225631E12
1281,1.574321225631E12
1282,1.574321225758E12
1285,1.574321225873E12
1286,1.574321225902E12
1287,1.574321225929E12
1288,1.574321225959E12
1288,1.574321225959E12
1289,1.574321226E12
1289,1.574321226E12
1291,1.574321226107E12
1292,1.574321226141E12
1293,1.574321226162E12
1294,1.574321226198E12
1294,1.574321226198E12
1296,1.57432122638E12
1297,1.574321226411E12
1298,1.574321226434E12
1299,1.574321226468E12
1300,1.574321226499E12
1301,1.574321226528E12
1301,1.574321226528E12
1303,1.574321226605E12
1304,1.574321226629E12
1304,1.574321226629E12
1305,1.574321226668E12
1307,1.574321226729E12
1308,1.574321226766E12
1309,1.574321226796E12
1309,1.574321226796E12
1310,1.574321226836E12
1312,1.57432122694E12
1313,1.574321226976E12
1314,1.574321226999E12
1315,1.574321227033E12
1315,1.574321227033E12
1317,1.5743212272E12
1318,1.574321227232E12
1319,1.574321227265E12
1320,1.574321227295E12
1320,1.574321227295E12
1322,1.574321227417E12
1323,1.574321227441E12
1324,1.574321227467E12
1324,1.574321227467E12
1325,1.574321227523E12
1326,1.574321227576E12
1328,1.574321227707E12
1328,1.574321227707E12
1329,1.574321227763E12
1330,1.574321227796E12
1331,1.574321227827E12
1332,1.574321227861E12
1333,1.574321227908E12
1335,1.574321227972E12
1335,1.574321227972E12
1336,1.574321228006E12
1338,1.574321228072E12
1338,1.574321228072E12
1340,1.57432122817E12
1341,1.574321228206E12
1341,1.574321228206E12
1342,1.574321228285E12
1344,1.574321228409E12
1345,1.574321228436E12
1346,1.574321228464E12
1346,1.574321228464E12
1347,1.57432122854E12
1350,1.574321228675E12
1350,1.574321228675E12
1351,1.574321228733E12
1352,1.57432122877E12
1352,1.57432122877E12
1354,1.574321228909E12
1355,1.574321228939E12
1356,1.574321228965E12
1357,1.574321228998E12
1358,1.574321229029E12
1358,1.574321229029E12
1360,1.574321229173E12
1361,1.574321229205E12
1362,1.574321229232E12
1363,1.574321229271E12
1364,1.574321229306E12
1364,1.574321229306E12
1365,1.574321229411E12
1367,1.574321229539E12
1368,1.574321229569E12
1369,1.574321229616E12
1370,1.57432122964E12
1370,1.57432122964E12
1371,1.574321229677E12
1372,1.574321229704E12
1374,1.574321229772E12
1374,1.574321229772E12
1376,1.574321229924E12
1376,1.574321229924E12
1377,1.574321229973E12
1378,1.574321230006E12
1380,1.574321230074E12
1381,1.574321230104E12
1381,1.574321230104E12
1382,1.574321230171E12
1384,1.574321230239E12
1385,1.574321230264E12
1386,1.574321230296E12
1386,1.574321230296E12
1387,1.574321230331E12
1388,1.574321230439E12
1390,1.574321230504E12
1391,1.574321230533E12
1392,1.574321230564E12
1393,1.574321230602E12
1393,1.574321230602E12
1394,1.574321230639E12
1395,1.574321230665E12
1396,1.5743212307E12
1397,1.574321230732E12
1398,1.574321230778E12
1399,1.574321230838E12
1401,1.574321230913E12
1402,1.574321230932E12
1403,1.574321230965E12
1404,1.574321230993E12
1404,1.574321230993E12
1406,1.574321231136E12
1407,1.574321231164E12
1407,1.574321231164E12
1408,1.574321231199E12
1409,1.574321231234E12
1411,1.574321231335E12
1412,1.574321231368E12
1413,1.574321231398E12
1413,1.574321231398E12
1415,1.574321231467E12
1416,1.574321231499E12
1416,1.574321231499E12
1417,1.574321231544E12
1418,1.574321231576E12
1420,1.574321231694E12
1420,1.574321231694E12
1421,1.57432123176E12
1422,1.574321231795E12
1423,1.574321231836E12
1425,1.574321231926E12
1426,1.574321231971E12
1427,1.574321232008E12
1428,1.574321232036E12
1429,1.574321232072E12
1429,1.574321232072E12
1430,1.5743212321E12
1431,1.574321232131E12
1432,1.57432123221E12
1434,1.574321232308E12
1435,1.574321232339E12
1436,1.574321232404E12
1437,1.574321232439E12
1437,1.574321232439E12
1439,1.57432123258E12
1439,1.57432123258E12
1440,1.574321232631E12
1442,1.574321232698E12
1442,1.574321232698E12
1443,1.574321232734E12
1445,1.574321232803E12
1445,1.574321232803E12
1447,1.574321232905E12
1447,1.574321232905E12
1448,1.574321232994E12
1449,1.57432123304E12
1451,1.574321233138E12
1451,1.574321233138E12
1452,1.574321233177E12
1453,1.574321233245E12
1454,1.574321233311E12
1456,1.574321233395E12
1456,1.574321233395E12
1457,1.57432123343E12
1459,1.574321233498E12
1459,1.574321233498E12
1461,1.574321233564E12
1461,1.574321233564E12
1462,1.574321233606E12
1464,1.574321233736E12
1464,1.574321233736E12
1466,1.574321233831E12
1467,1.574321233861E12
1467,1.574321233861E12
1468,1.574321233899E12
1469,1.574321233935E12
1471,1.574321234038E12
1472,1.574321234061E12
1473,1.574321234095E12
1474,1.574321234128E12
1474,1.574321234128E12
1475,1.574321234236E12
1477,1.574321234303E12
1478,1.574321234332E12
1479,1.574321234365E12
1480,1.574321234394E12
1481,1.574321234431E12
1481,1.574321234431E12
1482,1.574321234471E12
1483,1.574321234497E12
1484,1.574321234529E12
1485,1.574321234566E12
1486,1.574321234598E12
1487,1.57432123463E12
1488,1.574321234664E12
1490,1.57432123473E12
1490,1.57432123473E12
1492,1.574321234807E12
1493,1.574321234831E12
1493,1.574321234831E12
1495,1.574321234936E12
1495,1.574321234936E12
1497,1.574321235042E12
1498,1.574321235064E12
1499,1.574321235096E12
1500,1.574321235131E12
1501,1.574321235172E12
1501,1.574321235172E12
1503,1.574321235276E12
1504,1.574321235301E12
1504,1.574321235301E12
1505,1.574321235345E12
1506,1.574321235377E12
1508,1.574321235513E12
1508,1.574321235513E12
1509,1.574321235581E12
1511,1.574321235631E12
1511,1.574321235631E12
1512,1.574321235664E12
1513,1.574321235693E12
1514,1.574321235727E12
1515,1.574321235761E12
1516,1.574321235797E12
1517,1.57432123583E12
1519,1.574321235909E12
1520,1.574321235931E12
1521,1.57432123596E12
1522,1.574321235997E12
1522,1.574321235997E12
1523,1.574321236028E12
1524,1.574321236061E12
1526,1.574321236132E12
1526,1.574321236132E12
1527,1.574321236178E12
1529,1.57432123624E12
1530,1.574321236264E12
1531,1.5743212363E12
1531,1.5743212363E12
1532,1.574321236375E12
1534,1.57432123646E12
1535,1.574321236494E12
1535,1.574321236494E12
1536,1.574321236575E12
1538,1.574321236635E12
1539,1.574321236668E12
1539,1.574321236668E12
1540,1.574321236703E12
1542,1.574321236806E12
1543,1.574321236839E12
1544,1.574321236864E12
1545,1.574321236898E12
1545,1.574321236898E12
1547,1.574321237074E12
1548,1.574321237111E12
1549,1.57432123714E12
1550,1.574321237163E12
1550,1.574321237163E12
1551,1.574321237199E12
1552,1.57432123723E12
1553,1.574321237264E12
1555,1.574321237377E12
1557,1.57432123743E12
1558,1.574321237462E12
1559,1.574321237496E12
1559,1.574321237496E12
1560,1.574321237532E12
1561,1.574321237563E12
1561,1.574321237563E12
1562,1.574321237601E12
1563,1.574321237635E12
1564,1.574321237693E12
1565,1.574321237736E12
1566,1.574321237791E12
1568,1.574321237863E12
1569,1.574321237897E12
1569,1.574321237897E12
1570,1.574321237928E12
1571,1.574321237966E12
1572,1.574321238035E12
1574,1.574321238099E12
1575,1.574321238129E12
1575,1.574321238129E12
1576,1.574321238165E12
1578,1.574321238231E12
1579,1.57432123827E12
1579,1.57432123827E12
1580,1.574321238304E12
1581,1.574321238338E12
1582,1.574321238368E12
1583,1.574321238422E12
1585,1.574321238591E12
1586,1.574321238632E12
1587,1.57432123866E12
1588,1.574321238696E12
1589,1.574321238726E12
1589,1.574321238726E12
1590,1.574321238771E12
1591,1.574321238793E12
1592,1.574321238831E12
1593,1.574321238867E12
1594,1.574321238906E12
1596,1.574321238995E12
1597,1.574321239024E12
1597,1.574321239024E12
1599,1.574321239141E12
1600,1.574321239172E12
1601,1.574321239205E12
1601,1.574321239205E12
1602,1.574321239241E12
1603,1.574321239266E12
1605,1.574321239469E12
1606,1.574321239503E12
1606,1.574321239503E12
1607,1.57432123954E12
1608,1.574321239567E12
1609,1.574321239646E12
1611,1.57432123974E12
1612,1.574321239771E12
1612,1.574321239771E12
1613,1.574321239829E12
1614,1.574321239864E12
1616,1.574321240015E12
1617,1.574321240036E12
1619,1.574321240093E12
1619,1.574321240093E12
1620,1.57432124014E12
1621,1.574321240163E12
1621,1.574321240163E12
1622,1.574321240255E12
1625,1.57432124041E12
1626,1.574321240431E12
1627,1.57432124047E12
1628,1.574321240497E12
1628,1.574321240497E12
1629,1.574321240535E12
1630,1.574321240572E12
1630,1.574321240572E12
1631,1.574321240604E12
1633,1.574321240703E12
1633,1.574321240703E12
1635,1.574321240804E12
1635,1.574321240804E12
1636,1.574321240865E12
1637,1.574321240893E12
1638,1.574321240928E12
1640,1.574321241037E12
1641,1.574321241065E12
1642,1.5743212411E12
1642,1.5743212411E12
1643,1.574321241144E12
1645,1.574321241272E12
1645,1.574321241272E12
1647,1.574321241371E12
1647,1.574321241371E12
1648,1.574321241469E12
1650,1.5743212416E12
1651,1.574321241629E12
1652,1.574321241663E12
1653,1.57432124169E12
1653,1.57432124169E12
1654,1.574321241728E12
1656,1.574321241793E12
1656,1.574321241793E12
1657,1.574321241827E12
1659,1.574321241897E12
1659,1.574321241897E12
1661,1.574321241994E12
1661,1.574321241994E12
1663,1.574321242106E12
1664,1.574321242139E12
1665,1.574321242164E12
1666,1.574321242196E12
1667,1.574321242231E12
1667,1.574321242231E12
1669,1.574321242362E12
1670,1.574321242396E12
1671,1.574321242431E12
1672,1.574321242462E12
1672,1.574321242462E12
1673,1.574321242535E12
1675,1.574321242602E12
1676,1.574321242632E12
1676,1.574321242632E12
1677,1.574321242679E12
1678,1.574321242734E12
1680,1.574321242831E12
1681,1.574321242872E12
1682,1.574321242901E12
1683,1.57432124293E12
1683,1.57432124293E12
1685,1.574321242995E12
1685,1.574321242995E12
1686,1.574321243106E12
1688,1.574321243192E12
1689,1.574321243224E12
1689,1.574321243224E12
1691,1.574321243325E12
1692,1.574321243357E12
1693,1.574321243393E12
1693,1.574321243393E12
1694,1.574321243427E12
1695,1.574321243472E12
1697,1.574321243531E12
1697,1.574321243531E12
1698,1.57432124358E12
1699,1.574321243604E12
1700,1.574321243724E12
1702,1.574321243827E12
1703,1.574321243862E12
1704,1.574321243892E12
1704,1.574321243892E12
1706,1.574321243963E12
1707,1.574321243996E12
1707,1.574321243996E12
1708,1.574321244029E12
1709,1.574321244064E12
1711,1.57432124413E12
1711,1.57432124413E12
1712,1.57432124417E12
1713,1.574321244203E12
1715,1.574321244263E12
1715,1.574321244263E12
1716,1.574321244296E12
1717,1.574321244337E12
1718,1.574321244369E12
1719,1.574321244428E12
1720,1.574321244468E12
1722,1.574321244635E12
1723,1.574321244663E12
1724,1.574321244698E12
1725,1.574321244728E12
1726,1.574321244775E12
1727,1.574321244796E12
1728,1.574321244825E12
1728,1.574321244825E12
1729,1.574321244861E12
1730,1.574321244897E12
1731,1.574321244931E12
1732,1.574321244968E12
1734,1.574321245037E12
1734,1.574321245037E12
1735,1.574321245067E12
1736,1.574321245099E12
1737,1.57432124514E12
1739,1.574321245268E12
1739,1.574321245268E12
1740,1.574321245336E12
1741,1.57432124537E12
1742,1.574321245402E12
1743,1.574321245429E12
1744,1.574321245465E12
1745,1.574321245496E12
1746,1.574321245531E12
1748,1.574321245628E12
1748,1.574321245628E12
1750,1.574321245694E12
1750,1.574321245694E12
1751,1.574321245736E12
1753,1.574321245797E12
1753,1.574321245797E12
1754,1.574321245883E12
1756,1.574321245962E12
1757,1.574321245993E12
1758,1.574321246026E12
1758,1.574321246026E12
1759,1.574321246073E12
