0,0.0
1,1.574770765464E12
2,1.574770765499E12
3,1.57477076553E12
4,1.574770765566E12
5,1.574770765601E12
7,1.574770765669E12
7,1.574770765669E12
8,1.574770765701E12
9,1.574770765733E12
10,1.574770765764E12
11,1.574770765794E12
12,1.574770765829E12
13,1.574770765862E12
14,1.574770765897E12
15,1.574770765928E12
16,1.574770765961E12
17,1.574770765994E12
18,1.574770766029E12
19,1.574770766061E12
20,1.574770766094E12
21,1.57477076613E12
22,1.574770766162E12
23,1.574770766195E12
24,1.574770766229E12
25,1.574770766263E12
26,1.574770766296E12
27,1.574770766329E12
28,1.574770766365E12
29,1.574770766395E12
30,1.57477076643E12
31,1.574770766463E12
32,1.574770766497E12
33,1.574770766528E12
34,1.574770766565E12
35,1.574770766595E12
36,1.574770766636E12
37,1.574770766668E12
38,1.574770766699E12
39,1.574770766733E12
40,1.574770766765E12
41,1.574770766796E12
42,1.574770766836E12
43,1.574770766883E12
44,1.574770766911E12
45,1.574770766943E12
46,1.57477076697E12
47,1.574770767004E12
49,1.574770767149E12
49,1.574770767149E12
50,1.574770767188E12
51,1.574770767215E12
52,1.574770767253E12
55,1.574770767374E12
57,1.574770767436E12
105,1.574770769489E12
107,1.574770769627E12
109,1.574770769706E12
110,1.574770769739E12
111,1.574770769765E12
111,1.574770769765E12
112,1.5747707698E12
112,1.5747707698E12
113,1.574770769875E12
115,1.574770769945E12
116,1.574770769964E12
117,1.574770769999E12
117,1.574770769999E12
118,1.574770770031E12
119,1.574770770076E12
121,1.574770770175E12
121,1.574770770175E12
122,1.57477077021E12
123,1.574770770284E12
124,1.57477077036E12
125,1.574770770412E12
126,1.574770770467E12
127,1.574770770497E12
128,1.574770770529E12
129,1.5747707706E12
131,1.574770770664E12
131,1.574770770664E12
132,1.574770770699E12
133,1.574770770735E12
134,1.574770770775E12
135,1.574770770841E12
137,1.574770770904E12
137,1.574770770904E12
138,1.574770770969E12
139,1.574770770998E12
140,1.574770771041E12
142,1.57477077111E12
142,1.57477077111E12
143,1.574770771149E12
144,1.574770771183E12
145,1.574770771215E12
146,1.574770771247E12
147,1.574770771276E12
148,1.574770771301E12
149,1.574770771339E12
150,1.574770771376E12
152,1.574770771513E12
152,1.574770771513E12
154,1.574770771606E12
155,1.574770771638E12
156,1.574770771698E12
157,1.574770771731E12
158,1.574770771767E12
159,1.574770771799E12
160,1.574770771831E12
161,1.574770771878E12
163,1.574770771946E12
163,1.574770771946E12
164,1.574770771985E12
165,1.574770772015E12
166,1.574770772092E12
167,1.574770772147E12
168,1.57477077223E12
170,1.574770772312E12
171,1.574770772335E12
171,1.574770772335E12
172,1.574770772371E12
173,1.574770772404E12
174,1.574770772445E12
175,1.574770772509E12
176,1.574770772542E12
177,1.57477077257E12
178,1.574770772635E12
179,1.574770772753E12
181,1.574770772826E12
182,1.574770772866E12
182,1.574770772866E12
183,1.574770772913E12
184,1.574770772948E12
185,1.574770772973E12
186,1.574770773013E12
187,1.574770773044E12
188,1.574770773146E12
190,1.574770773249E12
191,1.574770773277E12
191,1.574770773277E12
192,1.57477077332E12
193,1.574770773346E12
194,1.574770773381E12
195,1.574770773414E12
196,1.574770773449E12
197,1.574770773481E12
199,1.574770773564E12
200,1.574770773595E12
200,1.574770773595E12
201,1.574770773622E12
202,1.574770773659E12
203,1.574770773685E12
205,1.574770773763E12
205,1.574770773763E12
206,1.574770773824E12
207,1.574770773853E12
209,1.574770773917E12
209,1.574770773917E12
210,1.574770773954E12
211,1.574770774018E12
212,1.574770774056E12
213,1.574770774089E12
214,1.574770774123E12
215,1.574770774152E12
216,1.574770774188E12
217,1.574770774331E12
220,1.574770774456E12
221,1.574770774482E12
222,1.574770774521E12
223,1.574770774544E12
223,1.574770774544E12
223,1.574770774544E12
224,1.574770774664E12
226,1.574770774775E12
227,1.574770774823E12
228,1.574770774845E12
229,1.574770774879E12
230,1.574770774914E12
230,1.574770774914E12
231,1.574770774956E12
232,1.574770775018E12
233,1.57477077505E12
234,1.574770775088E12
235,1.574770775154E12
236,1.574770775188E12
237,1.574770775228E12
238,1.574770775256E12
239,1.57477077529E12
240,1.574770775314E12
241,1.574770775355E12
242,1.574770775383E12
243,1.574770775492E12
245,1.574770775581E12
246,1.574770775616E12
246,1.574770775616E12
247,1.574770775682E12
248,1.574770775722E12
249,1.57477077575E12
250,1.574770775783E12
251,1.574770775819E12
252,1.574770775865E12
254,1.574770775975E12
256,1.574770776049E12
257,1.574770776077E12
258,1.574770776109E12
258,1.574770776109E12
259,1.574770776148E12
259,1.574770776148E12
261,1.574770776255E12
261,1.574770776255E12
262,1.574770776292E12
265,1.574770776437E12
267,1.57477077652E12
267,1.57477077652E12
273,1.574770776855E12
274,1.574770776891E12
275,1.574770776914E12
276,1.574770776944E12
276,1.574770776944E12
277,1.574770776977E12
278,1.574770777011E12
279,1.574770777083E12
280,1.574770777118E12
281,1.574770777149E12
282,1.574770777193E12
283,1.574770777215E12
284,1.574770777263E12
285,1.574770777286E12
286,1.574770777322E12
287,1.574770777389E12
288,1.574770777431E12
289,1.574770777457E12
290,1.5747707775E12
291,1.574770777528E12
292,1.574770777561E12
293,1.574770777586E12
295,1.574770777683E12
295,1.574770777683E12
297,1.57477077779E12
298,1.574770777854E12
299,1.574770777891E12
300,1.574770777918E12
302,1.574770778016E12
302,1.574770778016E12
303,1.574770778095E12
305,1.5747707782E12
306,1.574770778235E12
314,1.57477077856E12
317,1.57477077868E12
321,1.57477077889E12
322,1.574770778918E12
322,1.574770778918E12
323,1.574770778957E12
324,1.574770778988E12
325,1.574770779026E12
326,1.574770779111E12
327,1.574770779153E12
329,1.574770779261E12
330,1.574770779286E12
331,1.574770779309E12
332,1.574770779342E12
332,1.574770779342E12
333,1.574770779417E12
334,1.574770779487E12
335,1.574770779521E12
336,1.574770779557E12
337,1.574770779586E12
338,1.574770779622E12
339,1.574770779654E12
341,1.574770779823E12
343,1.574770779876E12
345,1.574770779942E12
345,1.574770779942E12
345,1.574770779942E12
347,1.574770780053E12
348,1.574770780081E12
349,1.574770780115E12
349,1.574770780115E12
350,1.57477078016E12
353,1.574770780294E12
353,1.574770780294E12
355,1.57477078038E12
356,1.574770780412E12
356,1.574770780412E12
358,1.574770780487E12
359,1.574770780551E12
361,1.57477078062E12
361,1.57477078062E12
362,1.574770780655E12
363,1.574770780689E12
364,1.574770780734E12
367,1.574770780859E12
368,1.574770780882E12
369,1.574770780914E12
370,1.574770780948E12
371,1.574770780977E12
371,1.574770780977E12
371,1.574770780977E12
372,1.574770781071E12
375,1.574770781186E12
376,1.574770781212E12
377,1.574770781244E12
378,1.57477078128E12
379,1.57477078131E12
379,1.57477078131E12
380,1.574770781352E12
381,1.574770781379E12
381,1.574770781379E12
382,1.574770781428E12
384,1.574770781479E12
384,1.574770781479E12
385,1.574770781516E12
386,1.574770781552E12
388,1.574770781729E12
389,1.574770781761E12
391,1.574770781809E12
391,1.574770781809E12
392,1.574770781843E12
393,1.574770781881E12
393,1.574770781881E12
395,1.574770781978E12
395,1.574770781978E12
397,1.574770782058E12
398,1.574770782088E12
398,1.574770782088E12
400,1.574770782186E12
400,1.574770782186E12
401,1.57477078228E12
403,1.574770782388E12
405,1.574770782442E12
406,1.57477078248E12
406,1.57477078248E12
407,1.574770782513E12
407,1.574770782513E12
408,1.574770782598E12
