6,1.574944841198E12
7,1.574944841232E12
8,1.574944841265E12
9,1.574944841297E12
10,1.57494484133E12
11,1.574944841363E12
12,1.574944841408E12
13,1.574944841463E12
14,1.5749448415E12
15,1.574944841531E12
16,1.574944841566E12
17,1.574944841602E12
18,1.574944841632E12
19,1.574944841665E12
20,1.574944841703E12
21,1.574944841732E12
22,1.574944841776E12
23,1.574944841806E12
24,1.574944841847E12
25,1.574944841885E12
26,1.574944841914E12
27,1.574944841944E12
28,1.574944841975E12
29,1.57494484201E12
30,1.574944842046E12
31,1.574944842079E12
32,1.574944842114E12
33,1.574944842147E12
34,1.574944842188E12
35,1.574944842222E12
36,1.574944842258E12
37,1.574944842288E12
38,1.574944842321E12
39,1.574944842352E12
40,1.574944842389E12
42,1.574944842463E12
43,1.57494484249E12
44,1.574944842521E12
45,1.574944842556E12
46,1.574944842598E12
47,1.574944842621E12
48,1.574944842661E12
49,1.574944842696E12
50,1.574944842728E12
51,1.574944842752E12
52,1.574944842786E12
53,1.574944842817E12
54,1.574944842854E12
55,1.574944842893E12
56,1.574944842928E12
57,1.574944842957E12
58,1.57494484299E12
59,1.574944843026E12
60,1.574944843059E12
61,1.574944843089E12
62,1.574944843126E12
63,1.574944843163E12
64,1.574944843195E12
65,1.574944843279E12
66,1.574944843311E12
67,1.574944843336E12
68,1.574944843371E12
69,1.574944843401E12
70,1.574944843433E12
71,1.574944843473E12
72,1.574944843506E12
73,1.57494484353E12
74,1.574944843559E12
75,1.574944843605E12
76,1.574944843631E12
77,1.574944843678E12
78,1.5749448437E12
79,1.574944843733E12
80,1.574944843769E12
81,1.574944843799E12
82,1.574944843833E12
83,1.57494484387E12
84,1.574944843901E12
85,1.574944843936E12
86,1.574944843966E12
87,1.574944843999E12
88,1.574944844035E12
89,1.574944844061E12
90,1.574944844106E12
91,1.574944844137E12
92,1.574944844171E12
93,1.574944844204E12
94,1.574944844235E12
95,1.574944844267E12
96,1.574944844304E12
97,1.574944844334E12
98,1.57494484437E12
99,1.574944844399E12
100,1.574944844437E12
101,1.574944844483E12
102,1.574944844509E12
103,1.574944844541E12
104,1.574944844579E12
105,1.574944844611E12
106,1.574944844647E12
107,1.574944844676E12
108,1.574944844714E12
109,1.574944844749E12
110,1.574944844783E12
111,1.574944844811E12
112,1.574944844845E12
113,1.574944844882E12
114,1.574944844911E12
115,1.574944844946E12
116,1.574944844976E12
117,1.574944845012E12
118,1.574944845046E12
119,1.574944845078E12
120,1.574944845115E12
121,1.574944845147E12
122,1.574944845182E12
123,1.574944845212E12
124,1.574944845248E12
125,1.574944845289E12
126,1.574944845316E12
127,1.57494484535E12
128,1.574944845375E12
129,1.574944845417E12
130,1.574944845493E12
131,1.574944845517E12
132,1.574944845545E12
133,1.574944845582E12
134,1.57494484562E12
135,1.57494484566E12
136,1.574944845685E12
137,1.574944845715E12
138,1.574944845749E12
139,1.574944845781E12
140,1.574944845812E12
141,1.574944845852E12
142,1.57494484589E12
143,1.574944845914E12
144,1.574944845954E12
145,1.574944846001E12
146,1.574944846024E12
147,1.574944846058E12
149,1.574944846124E12
149,1.574944846159E12
150,1.574944846187E12
151,1.574944846225E12
152,1.574944846307E12
153,1.574944846331E12
154,1.574944846353E12
155,1.574944846389E12
157,1.574944846421E12
157,1.574944846464E12
158,1.574944846493E12
159,1.574944846526E12
160,1.574944846554E12
161,1.574944846593E12
162,1.574944846631E12
163,1.574944846668E12
164,1.574944846692E12
165,1.574944846726E12
166,1.574944846759E12
167,1.574944846792E12
168,1.574944846827E12
169,1.574944846851E12
170,1.574944846894E12
171,1.574944846933E12
172,1.574944846975E12
173,1.574944847002E12
174,1.574944847027E12
175,1.574944847056E12
176,1.574944847135E12
177,1.574944847175E12
178,1.574944847206E12
179,1.574944847232E12
180,1.574944847268E12
181,1.574944847297E12
182,1.574944847331E12
183,1.574944847363E12
184,1.574944847395E12
185,1.574944847434E12
186,1.574944847465E12
187,1.574944847496E12
188,1.574944847537E12
189,1.574944847569E12
190,1.574944847604E12
191,1.574944847641E12
192,1.574944847674E12
193,1.574944847701E12
194,1.574944847738E12
195,1.574944847764E12
196,1.5749448478E12
197,1.574944847834E12
198,1.574944847867E12
199,1.574944847902E12
200,1.574944847934E12
201,1.574944847973E12
202,1.574944848007E12
203,1.574944848037E12
204,1.574944848066E12
205,1.574944848101E12
206,1.574944848177E12
207,1.574944848222E12
208,1.574944848252E12
209,1.574944848273E12
210,1.574944848305E12
211,1.574944848333E12
212,1.574944848373E12
213,1.57494484841E12
214,1.574944848438E12
215,1.574944848476E12
216,1.574944848514E12
217,1.574944848585E12
218,1.574944848625E12
219,1.57494484865E12
220,1.574944848683E12
221,1.57494484871E12
222,1.574944848736E12
223,1.574944848774E12
224,1.574944848814E12
225,1.574944848853E12
226,1.574944848931E12
227,1.574944848955E12
228,1.57494484898E12
229,1.574944849011E12
230,1.574944849039E12
231,1.574944849078E12
232,1.57494484911E12
233,1.574944849147E12
234,1.57494484919E12
235,1.574944849209E12
236,1.574944849246E12
237,1.57494484927E12
238,1.574944849318E12
239,1.574944849352E12
240,1.574944849375E12
241,1.57494484941E12
242,1.574944849447E12
243,1.574944849474E12
244,1.574944849517E12
245,1.574944849545E12
246,1.574944849588E12
247,1.574944849611E12
248,1.574944849649E12
249,1.574944849681E12
250,1.574944849715E12
251,1.574944849752E12
252,1.574944849788E12
253,1.574944849819E12
254,1.574944849898E12
255,1.574944849923E12
256,1.57494484995E12
257,1.574944849984E12
258,1.574944850013E12
259,1.57494485005E12
260,1.574944850086E12
261,1.574944850114E12
262,1.574944850146E12
263,1.574944850185E12
264,1.574944850221E12
265,1.574944850254E12
266,1.574944850296E12
267,1.574944850329E12
268,1.574944850361E12
269,1.574944850387E12
270,1.574944850411E12
271,1.574944850449E12
272,1.574944850485E12
273,1.574944850528E12
274,1.574944850556E12
275,1.574944850588E12
276,1.574944850625E12
277,1.574944850651E12
278,1.574944850687E12
279,1.574944850725E12
280,1.574944850757E12
281,1.574944850796E12
282,1.57494485083E12
283,1.574944850864E12
284,1.57494485089E12
285,1.574944850924E12
286,1.574944850956E12
287,1.574944850987E12
288,1.574944851017E12
289,1.574944851053E12
290,1.574944851096E12
291,1.574944851136E12
292,1.574944851157E12
293,1.574944851192E12
294,1.574944851225E12
295,1.574944851262E12
296,1.574944851291E12
297,1.574944851327E12
298,1.574944851356E12
299,1.574944851401E12
300,1.57494485144E12
301,1.574944851466E12
302,1.574944851496E12
303,1.574944851534E12
304,1.574944851564E12
305,1.574944851594E12
306,1.574944851629E12
307,1.574944851665E12
308,1.574944851692E12
309,1.574944851728E12
310,1.57494485176E12
311,1.574944851805E12
312,1.574944851831E12
313,1.574944851866E12
314,1.574944851894E12
315,1.574944851935E12
316,1.574944851966E12
317,1.574944852E12
318,1.574944852029E12
319,1.574944852061E12
320,1.574944852151E12
321,1.574944852175E12
322,1.5749448522E12
323,1.574944852318E12
325,1.574944852343E12
325,1.574944852367E12
326,1.574944852407E12
327,1.574944852435E12
328,1.574944852473E12
329,1.574944852504E12
330,1.574944852537E12
331,1.574944852576E12
332,1.574944852606E12
333,1.574944852633E12
334,1.57494485268E12
335,1.574944852699E12
336,1.57494485273E12
337,1.574944852766E12
339,1.574944852799E12
339,1.574944852832E12
340,1.574944852874E12
341,1.574944852904E12
342,1.574944852944E12
343,1.574944852971E12
344,1.574944853004E12
345,1.574944853029E12
346,1.574944853061E12
347,1.574944853096E12
348,1.574944853128E12
349,1.574944853161E12
350,1.574944853195E12
351,1.574944853229E12
352,1.574944853272E12
353,1.574944853298E12
354,1.574944853335E12
355,1.574944853364E12
356,1.574944853399E12
357,1.574944853435E12
358,1.574944853466E12
359,1.574944853499E12
360,1.57494485355E12
361,1.574944853568E12
362,1.574944853604E12
363,1.574944853632E12
364,1.57494485367E12
365,1.574944853699E12
366,1.574944853734E12
367,1.574944853769E12
368,1.574944853801E12
369,1.574944853835E12
370,1.57494485387E12
371,1.574944853903E12
372,1.574944853939E12
373,1.57494485397E12
374,1.574944854007E12
375,1.574944854034E12
376,1.574944854075E12
377,1.574944854106E12
378,1.574944854136E12
379,1.57494485417E12
380,1.574944854204E12
381,1.574944854238E12
382,1.574944854274E12
383,1.574944854308E12
384,1.574944854352E12
385,1.574944854376E12
386,1.574944854406E12
387,1.574944854437E12
388,1.574944854473E12
389,1.574944854506E12
390,1.574944854537E12
391,1.574944854576E12
392,1.574944854614E12
393,1.574944854639E12
394,1.574944854675E12
395,1.574944854707E12
396,1.574944854742E12
397,1.574944854778E12
398,1.57494485481E12
399,1.574944854842E12
400,1.574944854886E12
401,1.574944854908E12
402,1.574944854948E12
403,1.574944854978E12
404,1.574944855015E12
405,1.574944855048E12
406,1.57494485508E12
407,1.574944855114E12
408,1.574944855146E12
409,1.574944855179E12
410,1.574944855215E12
411,1.574944855246E12
412,1.574944855279E12
413,1.574944855312E12
414,1.574944855346E12
415,1.574944855378E12
416,1.574944855418E12
417,1.574944855452E12
418,1.574944855482E12
419,1.574944855518E12
420,1.574944855552E12
421,1.574944855583E12
422,1.574944855652E12
423,1.574944855695E12
424,1.574944855719E12
425,1.574944855748E12
426,1.574944855784E12
427,1.574944855817E12
428,1.574944855853E12
429,1.574944855885E12
430,1.574944855917E12
431,1.574944855954E12
432,1.574944855988E12
433,1.574944856024E12
434,1.574944856051E12
435,1.574944856085E12
436,1.574944856118E12
437,1.574944856153E12
438,1.574944856185E12
439,1.574944856231E12
440,1.574944856255E12
441,1.574944856289E12
442,1.574944856324E12
443,1.574944856357E12
444,1.574944856386E12
445,1.574944856419E12
446,1.574944856454E12
447,1.574944856536E12
448,1.574944856556E12
449,1.574944856591E12
450,1.574944856624E12
451,1.574944856654E12
452,1.57494485669E12
453,1.574944856721E12
454,1.574944856755E12
455,1.574944856791E12
456,1.574944856824E12
457,1.574944856857E12
458,1.574944856892E12
459,1.574944856927E12
460,1.574944856957E12
461,1.574944856994E12
462,1.574944857028E12
463,1.574944857066E12
464,1.574944857091E12
465,1.574944857128E12
466,1.574944857158E12
467,1.574944857195E12
468,1.574944857227E12
469,1.574944857261E12
470,1.5749448573E12
471,1.574944857332E12
472,1.574944857367E12
473,1.574944857402E12
474,1.574944857437E12
475,1.574944857475E12
476,1.574944857504E12
477,1.574944857539E12
478,1.57494485757E12
479,1.574944857606E12
480,1.574944857638E12
481,1.574944857728E12
482,1.574944857752E12
483,1.574944857818E12
484,1.574944857856E12
486,1.574944857878E12
486,1.574944857907E12
487,1.574944857937E12
489,1.574944857984E12
489,1.574944858019E12
490,1.57494485805E12
491,1.574944858078E12
492,1.574944858116E12
493,1.574944858149E12
494,1.574944858172E12
495,1.574944858216E12
496,1.574944858252E12
497,1.574944858279E12
498,1.574944858319E12
499,1.574944858343E12
500,1.574944858379E12
501,1.574944858414E12
502,1.574944858453E12
503,1.574944858487E12
504,1.574944858511E12
505,1.574944858545E12
506,1.574944858579E12
507,1.574944858615E12
508,1.574944858644E12
509,1.574944858671E12
510,1.574944858706E12
511,1.574944858736E12
512,1.574944858771E12
513,1.574944858808E12
514,1.57494485884E12
515,1.574944858875E12
516,1.574944858918E12
517,1.574944858941E12
518,1.574944858976E12
519,1.574944859009E12
520,1.574944859044E12
521,1.574944859075E12
522,1.574944859109E12
523,1.574944859143E12
524,1.57494485918E12
525,1.574944859211E12
526,1.574944859245E12
527,1.574944859278E12
528,1.574944859311E12
529,1.574944859345E12
530,1.574944859379E12
531,1.574944859408E12
532,1.574944859455E12
533,1.574944859481E12
534,1.574944859512E12
535,1.574944859548E12
536,1.574944859593E12
537,1.57494485961E12
6,1.57494494834E12
7,1.574944948373E12
8,1.574944948405E12
9,1.574944948437E12
10,1.574944948474E12
11,1.574944948508E12
12,1.574944948539E12
13,1.574944948572E12
14,1.574944948608E12
15,1.57494494864E12
16,1.574944948671E12
17,1.574944948709E12
18,1.574944948743E12
19,1.574944948774E12
20,1.574944948807E12
21,1.57494494884E12
22,1.574944948874E12
23,1.57494494894E12
24,1.574944948987E12
25,1.574944949019E12
26,1.574944949063E12
27,1.574944949092E12
28,1.57494494912E12
29,1.574944949158E12
30,1.574944949198E12
31,1.574944949234E12
32,1.574944949272E12
33,1.57494494929E12
34,1.574944949326E12
35,1.574944949355E12
36,1.574944949389E12
37,1.574944949429E12
38,1.574944949493E12
39,1.574944949529E12
40,1.574944949567E12
41,1.574944949593E12
42,1.574944949631E12
43,1.574944949668E12
44,1.574944949697E12
45,1.574944949734E12
46,1.57494494976E12
47,1.574944949801E12
48,1.574944949833E12
49,1.574944949869E12
50,1.574944949905E12
51,1.57494494994E12
52,1.574944949959E12
53,1.574944949989E12
54,1.574944950022E12
55,1.574944950052E12
56,1.574944950085E12
57,1.574944950125E12
58,1.574944950159E12
59,1.574944950196E12
60,1.574944950229E12
61,1.574944950263E12
62,1.574944950293E12
63,1.57494495033E12
64,1.574944950362E12
65,1.574944950398E12
66,1.574944950427E12
67,1.574944950459E12
68,1.574944950495E12
69,1.574944950533E12
70,1.57494495057E12
71,1.574944950598E12
72,1.574944950633E12
73,1.574944950666E12
74,1.574944950697E12
75,1.574944950735E12
76,1.574944950766E12
77,1.574944950795E12
78,1.57494495084E12
79,1.574944950866E12
80,1.574944950897E12
81,1.574944950935E12
82,1.574944950965E12
83,1.574944950999E12
84,1.574944951035E12
85,1.574944951072E12
86,1.574944951102E12
87,1.574944951133E12
88,1.574944951171E12
89,1.574944951205E12
90,1.574944951235E12
91,1.574944951273E12
92,1.5749449513E12
93,1.574944951338E12
94,1.574944951381E12
95,1.574944951407E12
96,1.574944951434E12
97,1.574944951472E12
98,1.574944951506E12
99,1.574944951572E12
100,1.57494495161E12
101,1.574944951645E12
102,1.574944951678E12
103,1.574944951707E12
104,1.574944951744E12
105,1.574944951773E12
106,1.574944951805E12
107,1.574944951837E12
108,1.574944951874E12
109,1.574944951922E12
110,1.574944951945E12
111,1.574944951973E12
112,1.574944952009E12
113,1.574944952042E12
114,1.574944952077E12
115,1.57494495211E12
116,1.574944952142E12
117,1.574944952176E12
118,1.574944952217E12
119,1.574944952243E12
120,1.57494495228E12
121,1.574944952309E12
122,1.574944952348E12
123,1.574944952375E12
124,1.574944952413E12
125,1.574944952451E12
126,1.574944952478E12
127,1.574944952512E12
128,1.574944952546E12
129,1.574944952576E12
130,1.574944952614E12
131,1.574944952651E12
132,1.574944952682E12
133,1.574944952721E12
134,1.574944952749E12
135,1.574944952782E12
136,1.574944952814E12
137,1.574944952849E12
138,1.574944952885E12
139,1.574944952916E12
140,1.574944952952E12
141,1.574944952985E12
142,1.574944953014E12
143,1.574944953052E12
144,1.574944953086E12
145,1.574944953114E12
146,1.574944953152E12
147,1.574944953185E12
148,1.574944953219E12
149,1.574944953264E12
150,1.574944953286E12
151,1.574944953314E12
152,1.574944953352E12
153,1.574944953384E12
154,1.574944953418E12
155,1.574944953453E12
156,1.574944953487E12
157,1.57494495352E12
158,1.574944953559E12
159,1.57494495359E12
160,1.574944953622E12
161,1.574944953655E12
162,1.574944953688E12
163,1.57494495372E12
164,1.574944953758E12
165,1.574944953795E12
166,1.57494495382E12
167,1.574944953854E12
168,1.574944953891E12
169,1.574944953924E12
170,1.574944953956E12
171,1.57494495399E12
172,1.574944954027E12
173,1.574944954063E12
174,1.574944954091E12
175,1.574944954124E12
176,1.574944954156E12
177,1.574944954192E12
178,1.574944954228E12
179,1.574944954259E12
180,1.574944954297E12
181,1.574944954328E12
182,1.574944954362E12
183,1.574944954402E12
184,1.574944954441E12
185,1.574944954467E12
186,1.574944954497E12
187,1.574944954539E12
188,1.574944954578E12
189,1.574944954608E12
190,1.574944954638E12
191,1.574944954676E12
192,1.57494495471E12
193,1.574944954743E12
194,1.574944954775E12
195,1.5749449548E12
196,1.574944954834E12
197,1.574944954868E12
198,1.574944954906E12
199,1.574944954941E12
200,1.574944954981E12
201,1.574944955009E12
202,1.574944955047E12
203,1.574944955071E12
204,1.574944955104E12
205,1.574944955133E12
206,1.574944955176E12
207,1.574944955203E12
208,1.574944955244E12
209,1.574944955274E12
210,1.574944955356E12
211,1.574944955379E12
212,1.574944955413E12
213,1.574944955436E12
214,1.574944955479E12
215,1.574944955519E12
216,1.574944955548E12
217,1.574944955572E12
218,1.574944955623E12
219,1.574944955652E12
220,1.574944955679E12
221,1.574944955719E12
222,1.574944955743E12
223,1.574944955775E12
224,1.574944955818E12
225,1.574944955848E12
226,1.574944955934E12
227,1.574944955957E12
228,1.574944955984E12
230,1.574944956053E12
230,1.574944956081E12
231,1.574944956113E12
232,1.574944956146E12
233,1.574944956183E12
234,1.574944956216E12
235,1.574944956254E12
236,1.574944956285E12
237,1.574944956318E12
238,1.574944956366E12
239,1.574944956391E12
240,1.574944956417E12
241,1.574944956456E12
243,1.574944956486E12
243,1.574944956516E12
244,1.574944956557E12
245,1.574944956589E12
246,1.574944956612E12
247,1.574944956655E12
248,1.574944956685E12
249,1.574944956719E12
250,1.57494495675E12
251,1.574944956787E12
252,1.574944956832E12
253,1.574944956853E12
254,1.574944956888E12
255,1.574944956927E12
256,1.574944956952E12
257,1.574944956989E12
258,1.574944957022E12
259,1.57494495706E12
260,1.57494495709E12
261,1.574944957128E12
262,1.574944957147E12
263,1.574944957191E12
264,1.574944957224E12
265,1.574944957254E12
266,1.574944957301E12
267,1.574944957325E12
268,1.574944957353E12
269,1.574944957397E12
270,1.574944957424E12
271,1.574944957465E12
272,1.574944957491E12
273,1.574944957532E12
274,1.574944957557E12
275,1.574944957594E12
276,1.574944957632E12
277,1.574944957662E12
278,1.574944957695E12
279,1.574944957731E12
280,1.574944957763E12
281,1.574944957811E12
282,1.574944957834E12
283,1.574944957852E12
284,1.574944957894E12
285,1.57494495793E12
286,1.574944957965E12
287,1.574944957999E12
288,1.574944958034E12
289,1.574944958066E12
290,1.574944958092E12
291,1.574944958133E12
292,1.574944958158E12
293,1.574944958196E12
294,1.574944958238E12
295,1.57494495827E12
296,1.574944958305E12
297,1.574944958347E12
298,1.574944958368E12
299,1.574944958396E12
300,1.574944958435E12
302,1.574944958486E12
302,1.574944958511E12
303,1.574944958543E12
304,1.57494495857E12
306,1.5749449586E12
306,1.574944958636E12
307,1.574944958672E12
308,1.574944958705E12
309,1.574944958741E12
310,1.574944958767E12
311,1.574944958811E12
312,1.574944958849E12
313,1.57494495887E12
314,1.574944958901E12
315,1.574944958947E12
316,1.57494495897E12
317,1.574944959009E12
318,1.574944959032E12
319,1.574944959076E12
320,1.57494495912E12
321,1.574944959144E12
322,1.574944959173E12
323,1.574944959205E12
324,1.574944959238E12
325,1.574944959317E12
326,1.574944959342E12
327,1.574944959363E12
328,1.574944959405E12
329,1.574944959443E12
330,1.574944959477E12
331,1.574944959503E12
332,1.574944959548E12
333,1.574944959625E12
334,1.574944959652E12
335,1.574944959678E12
336,1.574944959715E12
337,1.574944959749E12
338,1.574944959778E12
339,1.574944959807E12
340,1.574944959845E12
341,1.574944959872E12
342,1.574944959916E12
343,1.574944959941E12
344,1.574944959979E12
345,1.574944960012E12
346,1.574944960098E12
347,1.574944960127E12
348,1.574944960156E12
349,1.57494496018E12
351,1.574944960214E12
351,1.574944960294E12
352,1.574944960321E12
353,1.57494496035E12
354,1.574944960386E12
355,1.574944960452E12
356,1.574944960476E12
357,1.574944960507E12
358,1.574944960539E12
359,1.574944960574E12
360,1.57494496061E12
361,1.574944960642E12
362,1.574944960677E12
363,1.57494496071E12
364,1.574944960743E12
365,1.574944960777E12
366,1.574944960812E12
367,1.574944960844E12
368,1.574944960875E12
369,1.574944960908E12
370,1.574944960944E12
371,1.574944960988E12
372,1.574944961009E12
373,1.574944961044E12
374,1.574944961077E12
375,1.574944961115E12
376,1.574944961152E12
377,1.574944961177E12
378,1.574944961212E12
379,1.574944961246E12
380,1.574944961277E12
381,1.574944961313E12
382,1.574944961348E12
383,1.574944961377E12
384,1.574944961414E12
385,1.574944961447E12
386,1.574944961484E12
387,1.574944961517E12
388,1.574944961545E12
389,1.574944961581E12
390,1.574944961613E12
391,1.57494496165E12
392,1.57494496168E12
393,1.574944961716E12
394,1.574944961753E12
395,1.574944961792E12
396,1.57494496182E12
397,1.574944961853E12
398,1.574944961885E12
399,1.574944961917E12
400,1.574944961953E12
401,1.574944961986E12
402,1.57494496202E12
403,1.574944962056E12
404,1.574944962089E12
405,1.57494496212E12
406,1.574944962155E12
407,1.574944962186E12
408,1.57494496222E12
409,1.574944962255E12
410,1.574944962298E12
411,1.574944962328E12
412,1.574944962356E12
413,1.574944962394E12
414,1.574944962423E12
415,1.574944962457E12
416,1.574944962491E12
417,1.574944962521E12
418,1.574944962558E12
419,1.57494496259E12
420,1.574944962623E12
421,1.574944962655E12
422,1.574944962691E12
423,1.574944962761E12
424,1.574944962793E12
425,1.574944962825E12
426,1.574944962867E12
427,1.574944962888E12
428,1.574944962924E12
429,1.574944962963E12
430,1.574944962997E12
431,1.574944963029E12
432,1.574944963059E12
433,1.574944963092E12
434,1.574944963128E12
435,1.574944963165E12
436,1.574944963193E12
437,1.574944963229E12
438,1.574944963261E12
439,1.574944963298E12
440,1.574944963333E12
441,1.574944963362E12
442,1.574944963398E12
443,1.574944963428E12
444,1.574944963466E12
445,1.574944963497E12
446,1.574944963528E12
447,1.574944963562E12
448,1.574944963596E12
449,1.574944963633E12
450,1.574944963675E12
451,1.574944963697E12
452,1.574944963735E12
453,1.574944963768E12
454,1.574944963799E12
455,1.574944963835E12
456,1.574944963866E12
457,1.574944963898E12
458,1.574944963933E12
459,1.57494496397E12
460,1.574944964003E12
461,1.574944964035E12
462,1.57494496407E12
463,1.574944964103E12
464,1.574944964136E12
465,1.574944964174E12
466,1.574944964212E12
467,1.574944964238E12
468,1.574944964269E12
469,1.574944964303E12
470,1.574944964337E12
471,1.574944964372E12
472,1.574944964405E12
473,1.574944964439E12
474,1.574944964473E12
475,1.574944964506E12
476,1.574944964535E12
477,1.574944964572E12
478,1.574944964603E12
479,1.574944964641E12
480,1.574944964673E12
481,1.574944964718E12
482,1.574944964791E12
483,1.574944964804E12
