0,1.574944840478E12
1,1.574944840867E12
2,1.574944840897E12
3,1.57494484095E12
4,1.574944841004E12
5,1.574944841052E12
6,1.574944841102E12
7,1.574944841127E12
8,1.574944841161E12
9,1.574944841197E12
10,1.574944841231E12
11,1.574944841264E12
12,1.574944841296E12
13,1.574944841329E12
14,1.574944841362E12
15,1.574944841407E12
16,1.574944841462E12
17,1.574944841499E12
18,1.57494484153E12
19,1.574944841565E12
20,1.574944841601E12
21,1.574944841631E12
22,1.574944841664E12
23,1.574944841702E12
24,1.574944841731E12
25,1.574944841774E12
26,1.574944841805E12
27,1.574944841845E12
28,1.574944841884E12
29,1.574944841913E12
30,1.574944841943E12
31,1.574944841973E12
32,1.574944842008E12
33,1.574944842044E12
34,1.574944842078E12
35,1.574944842113E12
36,1.574944842146E12
37,1.574944842186E12
38,1.574944842221E12
39,1.574944842257E12
40,1.574944842286E12
41,1.574944842319E12
42,1.57494484235E12
43,1.574944842388E12
44,1.574944842422E12
45,1.574944842461E12
46,1.574944842488E12
47,1.574944842519E12
48,1.574944842555E12
49,1.574944842596E12
50,1.57494484262E12
51,1.57494484266E12
52,1.574944842694E12
53,1.574944842727E12
54,1.574944842751E12
55,1.574944842785E12
56,1.574944842816E12
57,1.574944842853E12
58,1.574944842892E12
59,1.574944842926E12
60,1.574944842955E12
61,1.574944842988E12
62,1.574944843025E12
63,1.574944843057E12
64,1.574944843088E12
65,1.574944843125E12
66,1.574944843162E12
67,1.574944843194E12
68,1.574944843277E12
69,1.574944843309E12
70,1.574944843334E12
71,1.574944843369E12
72,1.574944843399E12
73,1.574944843431E12
74,1.574944843472E12
75,1.574944843504E12
76,1.574944843528E12
77,1.574944843558E12
78,1.574944843604E12
79,1.57494484363E12
80,1.574944843674E12
81,1.574944843699E12
82,1.574944843731E12
83,1.574944843767E12
84,1.574944843798E12
85,1.574944843832E12
86,1.574944843869E12
87,1.574944843899E12
88,1.574944843934E12
89,1.574944843964E12
90,1.574944843998E12
91,1.574944844033E12
92,1.57494484406E12
93,1.574944844104E12
94,1.574944844135E12
95,1.574944844169E12
96,1.574944844202E12
97,1.574944844234E12
98,1.574944844266E12
99,1.574944844301E12
100,1.574944844333E12
101,1.574944844369E12
102,1.574944844397E12
103,1.574944844436E12
104,1.574944844481E12
105,1.574944844508E12
106,1.57494484454E12
107,1.574944844577E12
108,1.574944844609E12
109,1.574944844645E12
110,1.574944844674E12
111,1.574944844712E12
112,1.574944844747E12
113,1.574944844781E12
114,1.57494484481E12
115,1.574944844843E12
116,1.574944844881E12
117,1.57494484491E12
118,1.574944844944E12
119,1.574944844974E12
120,1.574944845011E12
121,1.574944845044E12
122,1.574944845077E12
123,1.574944845114E12
124,1.574944845145E12
125,1.57494484518E12
126,1.57494484521E12
127,1.574944845246E12
128,1.574944845287E12
129,1.574944845314E12
130,1.574944845348E12
131,1.574944845373E12
132,1.574944845415E12
133,1.574944845491E12
134,1.574944845515E12
135,1.574944845544E12
136,1.574944845581E12
137,1.574944845619E12
138,1.574944845658E12
139,1.574944845684E12
140,1.574944845714E12
141,1.574944845747E12
142,1.574944845779E12
143,1.57494484581E12
144,1.57494484585E12
145,1.574944845888E12
146,1.574944845913E12
147,1.574944845953E12
149,1.574944845999E12
149,1.574944846022E12
150,1.574944846056E12
151,1.574944846085E12
152,1.574944846122E12
153,1.574944846156E12
154,1.574944846186E12
155,1.574944846223E12
157,1.574944846305E12
157,1.574944846329E12
158,1.574944846351E12
159,1.574944846387E12
160,1.574944846419E12
161,1.574944846462E12
162,1.574944846491E12
163,1.574944846524E12
164,1.574944846552E12
165,1.574944846591E12
166,1.574944846629E12
167,1.574944846666E12
168,1.57494484669E12
169,1.574944846724E12
170,1.574944846757E12
171,1.574944846791E12
172,1.574944846825E12
173,1.57494484685E12
174,1.574944846892E12
175,1.574944846931E12
176,1.574944846973E12
177,1.574944847E12
178,1.574944847025E12
179,1.574944847055E12
180,1.574944847133E12
181,1.574944847174E12
182,1.574944847204E12
183,1.57494484723E12
184,1.574944847266E12
185,1.574944847296E12
186,1.574944847329E12
187,1.574944847361E12
188,1.574944847394E12
189,1.574944847432E12
190,1.574944847464E12
191,1.574944847494E12
192,1.574944847534E12
193,1.574944847567E12
194,1.574944847602E12
195,1.574944847639E12
196,1.574944847672E12
197,1.574944847699E12
198,1.574944847736E12
199,1.574944847762E12
200,1.574944847799E12
201,1.574944847833E12
202,1.574944847865E12
203,1.5749448479E12
204,1.574944847933E12
205,1.574944847972E12
206,1.574944848005E12
207,1.574944848036E12
208,1.574944848064E12
209,1.5749448481E12
210,1.574944848175E12
211,1.57494484822E12
213,1.57494484825E12
213,1.574944848271E12
214,1.574944848304E12
215,1.574944848331E12
216,1.574944848371E12
217,1.574944848408E12
218,1.574944848436E12
219,1.574944848473E12
220,1.574944848512E12
221,1.574944848582E12
222,1.574944848623E12
223,1.574944848648E12
224,1.574944848681E12
225,1.574944848708E12
226,1.574944848734E12
227,1.574944848772E12
228,1.574944848812E12
229,1.574944848851E12
231,1.574944848928E12
231,1.574944848953E12
232,1.574944848979E12
233,1.574944849009E12
234,1.574944849037E12
235,1.574944849076E12
236,1.574944849108E12
237,1.574944849145E12
238,1.574944849189E12
239,1.574944849207E12
240,1.574944849245E12
241,1.574944849268E12
242,1.574944849317E12
243,1.57494484935E12
244,1.574944849374E12
245,1.574944849408E12
246,1.574944849445E12
247,1.574944849473E12
248,1.574944849516E12
249,1.574944849543E12
250,1.574944849586E12
251,1.574944849609E12
252,1.574944849648E12
253,1.57494484968E12
254,1.574944849714E12
255,1.57494484975E12
256,1.574944849786E12
257,1.574944849817E12
258,1.574944849893E12
259,1.574944849921E12
260,1.574944849949E12
261,1.574944849983E12
262,1.574944850011E12
263,1.574944850048E12
264,1.574944850084E12
265,1.574944850112E12
266,1.574944850144E12
267,1.574944850183E12
268,1.574944850219E12
269,1.574944850252E12
270,1.574944850294E12
271,1.574944850328E12
272,1.574944850359E12
273,1.574944850385E12
274,1.57494485041E12
275,1.574944850448E12
276,1.574944850483E12
277,1.574944850526E12
278,1.574944850554E12
279,1.574944850585E12
280,1.574944850622E12
281,1.574944850649E12
282,1.574944850685E12
283,1.574944850723E12
284,1.574944850755E12
285,1.574944850794E12
286,1.574944850828E12
287,1.574944850861E12
288,1.574944850888E12
289,1.574944850921E12
290,1.574944850954E12
291,1.574944850985E12
292,1.574944851015E12
293,1.574944851051E12
294,1.574944851092E12
296,1.574944851134E12
296,1.574944851155E12
297,1.57494485119E12
298,1.574944851223E12
299,1.574944851259E12
300,1.574944851289E12
301,1.574944851325E12
302,1.574944851355E12
303,1.574944851399E12
304,1.574944851437E12
305,1.574944851463E12
306,1.574944851494E12
307,1.574944851532E12
308,1.574944851562E12
309,1.574944851592E12
310,1.574944851627E12
311,1.574944851663E12
312,1.574944851691E12
313,1.574944851726E12
314,1.574944851758E12
315,1.574944851802E12
316,1.574944851828E12
317,1.574944851864E12
318,1.574944851892E12
319,1.574944851932E12
320,1.574944851964E12
321,1.574944851998E12
322,1.574944852027E12
323,1.574944852059E12
325,1.574944852149E12
325,1.574944852172E12
326,1.574944852198E12
327,1.574944852315E12
328,1.574944852341E12
329,1.574944852365E12
330,1.574944852403E12
331,1.574944852434E12
332,1.574944852471E12
333,1.574944852502E12
334,1.574944852535E12
335,1.574944852574E12
336,1.574944852604E12
337,1.574944852631E12
339,1.574944852678E12
339,1.574944852697E12
340,1.574944852728E12
341,1.574944852763E12
342,1.574944852796E12
343,1.57494485283E12
344,1.574944852872E12
345,1.574944852902E12
346,1.574944852942E12
347,1.574944852969E12
348,1.574944853002E12
349,1.574944853028E12
350,1.57494485306E12
351,1.574944853094E12
352,1.574944853126E12
353,1.57494485316E12
354,1.574944853194E12
355,1.574944853227E12
356,1.57494485327E12
357,1.574944853296E12
358,1.574944853333E12
359,1.574944853362E12
360,1.574944853397E12
361,1.574944853433E12
362,1.574944853464E12
363,1.574944853497E12
364,1.574944853548E12
365,1.574944853566E12
366,1.574944853603E12
367,1.57494485363E12
368,1.574944853668E12
369,1.574944853698E12
370,1.574944853733E12
371,1.574944853767E12
372,1.574944853799E12
373,1.574944853833E12
374,1.574944853868E12
375,1.574944853902E12
376,1.574944853937E12
377,1.574944853968E12
378,1.574944854005E12
379,1.574944854032E12
380,1.574944854073E12
381,1.574944854104E12
382,1.574944854135E12
383,1.574944854168E12
384,1.574944854202E12
385,1.574944854237E12
386,1.574944854272E12
387,1.574944854307E12
388,1.574944854351E12
389,1.574944854374E12
390,1.574944854404E12
391,1.574944854436E12
392,1.574944854471E12
393,1.574944854504E12
394,1.574944854535E12
395,1.574944854574E12
396,1.574944854613E12
397,1.574944854637E12
398,1.574944854674E12
399,1.574944854706E12
400,1.57494485474E12
401,1.574944854776E12
402,1.574944854808E12
403,1.57494485484E12
404,1.574944854884E12
405,1.574944854906E12
406,1.574944854946E12
407,1.574944854976E12
408,1.574944855013E12
409,1.574944855046E12
410,1.574944855078E12
411,1.574944855112E12
412,1.574944855144E12
413,1.574944855177E12
414,1.574944855213E12
415,1.574944855245E12
416,1.574944855278E12
417,1.574944855311E12
418,1.574944855345E12
419,1.574944855376E12
420,1.574944855416E12
421,1.57494485545E12
422,1.57494485548E12
423,1.574944855516E12
424,1.57494485555E12
425,1.574944855581E12
426,1.57494485565E12
427,1.574944855693E12
428,1.574944855718E12
429,1.574944855746E12
430,1.574944855782E12
431,1.574944855814E12
432,1.574944855851E12
433,1.574944855883E12
434,1.574944855915E12
435,1.574944855952E12
436,1.574944855986E12
437,1.574944856022E12
438,1.574944856049E12
439,1.574944856083E12
440,1.574944856117E12
441,1.574944856151E12
442,1.574944856184E12
443,1.574944856229E12
444,1.574944856253E12
445,1.574944856287E12
446,1.574944856322E12
447,1.574944856355E12
448,1.574944856384E12
449,1.574944856418E12
450,1.574944856452E12
451,1.574944856533E12
452,1.574944856554E12
453,1.574944856589E12
454,1.574944856622E12
455,1.574944856653E12
456,1.574944856688E12
457,1.57494485672E12
458,1.574944856753E12
459,1.574944856789E12
460,1.574944856823E12
461,1.574944856855E12
462,1.57494485689E12
463,1.574944856926E12
464,1.574944856955E12
465,1.574944856992E12
466,1.574944857026E12
467,1.574944857064E12
468,1.574944857089E12
469,1.574944857126E12
470,1.574944857156E12
471,1.574944857193E12
472,1.574944857225E12
473,1.574944857259E12
474,1.574944857298E12
475,1.57494485733E12
476,1.574944857365E12
477,1.5749448574E12
478,1.574944857435E12
479,1.574944857473E12
480,1.574944857502E12
481,1.574944857537E12
482,1.574944857568E12
483,1.574944857604E12
484,1.574944857636E12
486,1.574944857725E12
486,1.574944857749E12
487,1.574944857814E12
489,1.574944857854E12
489,1.574944857876E12
490,1.574944857905E12
491,1.574944857935E12
492,1.574944857982E12
493,1.574944858017E12
494,1.574944858048E12
495,1.574944858077E12
496,1.574944858113E12
497,1.574944858146E12
498,1.57494485817E12
499,1.574944858213E12
500,1.574944858249E12
501,1.574944858277E12
502,1.574944858316E12
503,1.57494485834E12
504,1.574944858377E12
505,1.574944858412E12
506,1.57494485845E12
507,1.574944858485E12
508,1.574944858509E12
509,1.574944858543E12
510,1.574944858578E12
511,1.574944858612E12
512,1.574944858642E12
513,1.574944858669E12
514,1.574944858704E12
515,1.574944858734E12
516,1.574944858769E12
517,1.574944858806E12
518,1.574944858838E12
519,1.574944858873E12
520,1.574944858916E12
521,1.574944858939E12
522,1.574944858974E12
523,1.574944859007E12
524,1.574944859042E12
525,1.574944859073E12
526,1.574944859108E12
527,1.574944859141E12
528,1.574944859177E12
529,1.574944859209E12
530,1.574944859243E12
531,1.574944859276E12
532,1.57494485931E12
533,1.574944859343E12
534,1.574944859377E12
535,1.574944859407E12
536,1.574944859453E12
537,1.574944859479E12
538,1.57494485951E12
539,1.574944859546E12
540,1.574944859592E12
541,1.574944859609E12
0,1.574944947667E12
1,1.574944948058E12
2,1.574944948088E12
3,1.574944948125E12
4,1.574944948158E12
5,1.574944948195E12
6,1.57494494824E12
7,1.574944948267E12
8,1.574944948302E12
9,1.574944948339E12
10,1.574944948372E12
11,1.574944948404E12
12,1.574944948436E12
13,1.574944948473E12
14,1.574944948507E12
15,1.574944948538E12
16,1.574944948572E12
17,1.574944948607E12
18,1.574944948639E12
19,1.57494494867E12
20,1.574944948708E12
21,1.574944948742E12
22,1.574944948773E12
23,1.574944948806E12
24,1.574944948839E12
25,1.574944948873E12
26,1.57494494894E12
27,1.574944948986E12
28,1.574944949018E12
29,1.574944949062E12
30,1.574944949091E12
31,1.574944949119E12
32,1.574944949156E12
33,1.574944949197E12
34,1.574944949231E12
36,1.574944949271E12
36,1.574944949288E12
37,1.574944949325E12
38,1.574944949354E12
39,1.574944949388E12
40,1.574944949428E12
41,1.574944949492E12
42,1.574944949528E12
43,1.574944949566E12
44,1.574944949591E12
45,1.57494494963E12
46,1.574944949667E12
47,1.574944949696E12
48,1.574944949732E12
49,1.574944949758E12
50,1.574944949799E12
51,1.574944949831E12
52,1.574944949867E12
53,1.574944949904E12
54,1.574944949939E12
55,1.574944949958E12
56,1.574944949987E12
57,1.574944950021E12
58,1.574944950051E12
59,1.574944950084E12
60,1.574944950124E12
61,1.574944950158E12
62,1.574944950194E12
63,1.574944950228E12
64,1.574944950261E12
65,1.574944950292E12
66,1.574944950328E12
67,1.574944950361E12
68,1.574944950396E12
69,1.574944950425E12
70,1.574944950458E12
71,1.574944950494E12
72,1.574944950532E12
73,1.574944950568E12
74,1.574944950596E12
75,1.574944950632E12
76,1.574944950665E12
77,1.574944950696E12
78,1.574944950733E12
79,1.574944950764E12
80,1.574944950794E12
81,1.574944950838E12
82,1.574944950865E12
83,1.574944950896E12
84,1.574944950933E12
85,1.574944950964E12
86,1.574944950998E12
87,1.574944951033E12
88,1.574944951071E12
89,1.574944951101E12
90,1.574944951132E12
91,1.574944951168E12
92,1.574944951204E12
93,1.574944951234E12
94,1.574944951272E12
95,1.574944951299E12
96,1.574944951336E12
97,1.574944951378E12
98,1.574944951406E12
99,1.574944951433E12
100,1.574944951471E12
101,1.574944951505E12
102,1.57494495157E12
103,1.574944951608E12
104,1.574944951643E12
105,1.574944951677E12
106,1.574944951706E12
107,1.574944951742E12
108,1.574944951771E12
109,1.574944951804E12
110,1.574944951836E12
111,1.574944951873E12
112,1.574944951919E12
113,1.574944951944E12
114,1.574944951972E12
115,1.574944952008E12
116,1.57494495204E12
117,1.574944952076E12
118,1.574944952108E12
119,1.574944952141E12
120,1.574944952175E12
121,1.574944952215E12
122,1.574944952242E12
123,1.574944952278E12
124,1.574944952308E12
125,1.574944952347E12
126,1.574944952374E12
127,1.574944952412E12
128,1.574944952448E12
129,1.574944952476E12
130,1.574944952509E12
131,1.574944952544E12
132,1.574944952575E12
133,1.574944952612E12
134,1.574944952649E12
135,1.574944952681E12
136,1.574944952719E12
137,1.574944952748E12
138,1.574944952781E12
139,1.574944952813E12
140,1.574944952848E12
141,1.574944952882E12
142,1.574944952914E12
143,1.57494495295E12
144,1.574944952984E12
145,1.574944953013E12
146,1.574944953051E12
147,1.574944953085E12
148,1.574944953113E12
149,1.57494495315E12
150,1.574944953184E12
151,1.574944953218E12
152,1.574944953258E12
153,1.574944953284E12
154,1.574944953313E12
155,1.57494495335E12
156,1.574944953383E12
157,1.574944953416E12
158,1.574944953451E12
159,1.574944953486E12
160,1.574944953518E12
161,1.574944953557E12
162,1.574944953589E12
163,1.574944953621E12
164,1.574944953654E12
165,1.574944953687E12
166,1.574944953719E12
167,1.574944953756E12
168,1.574944953794E12
169,1.574944953819E12
170,1.574944953853E12
171,1.574944953889E12
172,1.574944953923E12
173,1.574944953954E12
174,1.574944953988E12
175,1.574944954026E12
176,1.574944954061E12
177,1.574944954089E12
178,1.574944954122E12
179,1.574944954155E12
180,1.57494495419E12
181,1.574944954226E12
182,1.574944954257E12
183,1.574944954295E12
184,1.574944954327E12
185,1.574944954361E12
186,1.5749449544E12
187,1.574944954439E12
188,1.574944954466E12
189,1.574944954495E12
190,1.574944954537E12
191,1.574944954576E12
192,1.574944954606E12
193,1.574944954637E12
194,1.574944954674E12
195,1.574944954708E12
196,1.574944954741E12
197,1.574944954773E12
198,1.574944954799E12
199,1.574944954833E12
200,1.574944954866E12
201,1.574944954904E12
202,1.57494495494E12
203,1.574944954979E12
204,1.574944955007E12
205,1.574944955045E12
206,1.574944955069E12
207,1.574944955103E12
208,1.574944955131E12
209,1.574944955174E12
210,1.574944955202E12
211,1.574944955242E12
212,1.574944955273E12
214,1.574944955354E12
214,1.574944955377E12
215,1.574944955411E12
216,1.574944955435E12
217,1.574944955477E12
218,1.574944955517E12
219,1.574944955546E12
220,1.574944955571E12
221,1.574944955619E12
222,1.574944955651E12
223,1.574944955677E12
224,1.574944955717E12
225,1.574944955742E12
226,1.574944955774E12
227,1.574944955817E12
228,1.574944955846E12
230,1.574944955933E12
230,1.574944955956E12
231,1.574944955983E12
232,1.574944956012E12
233,1.574944956051E12
234,1.574944956078E12
235,1.574944956111E12
236,1.574944956145E12
237,1.574944956182E12
238,1.574944956214E12
239,1.574944956252E12
240,1.574944956283E12
241,1.574944956316E12
243,1.574944956365E12
243,1.574944956389E12
244,1.574944956415E12
245,1.574944956453E12
246,1.574944956485E12
247,1.574944956515E12
248,1.574944956554E12
249,1.574944956587E12
250,1.57494495661E12
251,1.574944956653E12
252,1.574944956684E12
253,1.574944956718E12
254,1.574944956749E12
255,1.574944956786E12
256,1.57494495683E12
257,1.574944956852E12
258,1.574944956887E12
259,1.574944956926E12
260,1.57494495695E12
261,1.574944956988E12
262,1.574944957021E12
263,1.574944957058E12
264,1.574944957088E12
265,1.574944957127E12
266,1.574944957146E12
267,1.574944957189E12
268,1.574944957223E12
269,1.574944957253E12
270,1.574944957299E12
271,1.574944957324E12
272,1.574944957351E12
273,1.574944957395E12
274,1.574944957422E12
275,1.574944957461E12
276,1.57494495749E12
277,1.57494495753E12
278,1.574944957555E12
279,1.574944957593E12
280,1.574944957629E12
281,1.57494495766E12
282,1.574944957692E12
283,1.574944957729E12
284,1.574944957761E12
285,1.574944957808E12
286,1.574944957832E12
287,1.57494495785E12
288,1.574944957891E12
289,1.574944957927E12
290,1.574944957963E12
291,1.574944957997E12
292,1.574944958031E12
293,1.574944958063E12
294,1.57494495809E12
295,1.57494495813E12
296,1.574944958156E12
297,1.574944958194E12
298,1.574944958235E12
299,1.574944958268E12
300,1.574944958303E12
302,1.574944958345E12
302,1.574944958366E12
303,1.574944958394E12
304,1.574944958433E12
306,1.574944958483E12
306,1.574944958509E12
307,1.574944958541E12
308,1.574944958567E12
309,1.574944958598E12
310,1.574944958634E12
311,1.57494495867E12
312,1.574944958702E12
313,1.574944958738E12
314,1.574944958765E12
315,1.574944958809E12
316,1.574944958846E12
317,1.574944958868E12
318,1.574944958899E12
319,1.574944958945E12
320,1.574944958969E12
321,1.574944959006E12
322,1.57494495903E12
323,1.574944959074E12
324,1.574944959115E12
325,1.574944959142E12
326,1.574944959171E12
327,1.574944959203E12
328,1.574944959236E12
329,1.574944959315E12
330,1.57494495934E12
331,1.574944959362E12
332,1.574944959404E12
333,1.574944959441E12
334,1.574944959474E12
335,1.574944959501E12
336,1.574944959545E12
337,1.574944959621E12
338,1.574944959649E12
339,1.574944959676E12
340,1.574944959712E12
341,1.574944959747E12
342,1.574944959776E12
343,1.574944959805E12
344,1.574944959843E12
345,1.57494495987E12
346,1.574944959913E12
347,1.574944959939E12
348,1.574944959977E12
349,1.57494496001E12
351,1.574944960095E12
351,1.574944960124E12
352,1.574944960154E12
353,1.574944960178E12
354,1.574944960212E12
355,1.574944960292E12
356,1.574944960319E12
357,1.574944960347E12
358,1.574944960384E12
359,1.574944960449E12
360,1.574944960474E12
361,1.574944960505E12
362,1.574944960537E12
363,1.574944960572E12
364,1.574944960608E12
365,1.57494496064E12
366,1.574944960675E12
367,1.574944960708E12
368,1.574944960741E12
369,1.574944960775E12
370,1.574944960811E12
371,1.574944960842E12
372,1.574944960873E12
373,1.574944960906E12
374,1.574944960942E12
375,1.574944960985E12
376,1.574944961007E12
377,1.574944961042E12
378,1.574944961075E12
379,1.574944961112E12
380,1.57494496115E12
381,1.574944961175E12
382,1.57494496121E12
383,1.574944961244E12
384,1.574944961275E12
385,1.574944961312E12
386,1.574944961346E12
387,1.574944961375E12
388,1.574944961412E12
389,1.574944961445E12
390,1.574944961482E12
391,1.574944961516E12
392,1.574944961544E12
393,1.574944961579E12
394,1.574944961612E12
395,1.574944961648E12
396,1.574944961678E12
397,1.574944961714E12
398,1.57494496175E12
399,1.57494496179E12
400,1.574944961818E12
401,1.574944961851E12
402,1.574944961882E12
403,1.574944961915E12
404,1.574944961951E12
405,1.574944961984E12
406,1.574944962018E12
407,1.574944962054E12
408,1.574944962087E12
409,1.574944962118E12
410,1.574944962154E12
411,1.574944962184E12
412,1.574944962218E12
413,1.574944962253E12
414,1.574944962296E12
415,1.574944962326E12
416,1.574944962354E12
417,1.574944962392E12
418,1.574944962421E12
419,1.574944962455E12
420,1.574944962489E12
421,1.574944962519E12
422,1.574944962556E12
423,1.574944962588E12
424,1.574944962621E12
425,1.574944962653E12
426,1.574944962689E12
427,1.574944962759E12
428,1.574944962791E12
429,1.574944962823E12
430,1.574944962864E12
431,1.574944962886E12
432,1.574944962922E12
433,1.574944962961E12
434,1.574944962995E12
435,1.574944963028E12
436,1.574944963057E12
437,1.57494496309E12
438,1.574944963126E12
439,1.574944963163E12
440,1.574944963191E12
441,1.574944963227E12
442,1.574944963259E12
443,1.574944963295E12
444,1.574944963331E12
445,1.57494496336E12
446,1.574944963396E12
447,1.574944963426E12
448,1.574944963464E12
449,1.574944963495E12
450,1.574944963527E12
451,1.57494496356E12
452,1.574944963594E12
453,1.574944963631E12
454,1.574944963673E12
455,1.574944963696E12
456,1.574944963733E12
457,1.574944963766E12
458,1.574944963797E12
459,1.574944963833E12
460,1.574944963864E12
461,1.574944963895E12
462,1.574944963931E12
463,1.574944963968E12
464,1.574944964001E12
465,1.574944964033E12
466,1.574944964068E12
467,1.574944964101E12
468,1.574944964135E12
469,1.574944964172E12
470,1.574944964209E12
471,1.574944964236E12
472,1.574944964268E12
473,1.574944964301E12
474,1.574944964335E12
475,1.574944964371E12
476,1.574944964403E12
477,1.574944964437E12
478,1.574944964471E12
479,1.574944964505E12
480,1.574944964533E12
481,1.574944964571E12
482,1.574944964601E12
483,1.574944964639E12
484,1.574944964671E12
485,1.574944964716E12
486,1.574944964789E12
487,1.574944964803E12
