172,1.57477041865E12
172,1.574770418674E12
173,1.574770418711E12
174,1.574770418745E12
175,1.574770418779E12
176,1.574770418829E12
177,1.574770418856E12
178,1.574770418889E12
180,1.574770418922E12
180,1.574770418963E12
181,1.574770418994E12
182,1.574770419024E12
183,1.574770419062E12
184,1.574770419096E12
185,1.574770419126E12
186,1.574770419159E12
187,1.574770419192E12
188,1.574770419226E12
190,1.574770419262E12
6,1.574770419298E12
190,1.574770419326E12
191,1.574770419361E12
192,1.574770419394E12
193,1.574770419429E12
194,1.57477041946E12
7,1.574770419496E12
196,1.574770419538E12
197,1.574770419577E12
198,1.574770419619E12
198,1.574770419661E12
200,1.574770419693E12
200,1.574770419714E12
201,1.574770419755E12
202,1.574770419782E12
204,1.57477041989E12
205,1.574770419915E12
205,1.574770419956E12
207,1.574770419991E12
207,1.574770420027E12
208,1.57477042006E12
209,1.574770420091E12
210,1.574770420114E12
211,1.574770420158E12
213,1.574770420197E12
214,1.574770420219E12
215,1.574770420259E12
217,1.574770420364E12
218,1.574770420388E12
218,1.574770420429E12
219,1.574770420495E12
220,1.574770420522E12
222,1.574770420664E12
223,1.574770420693E12
223,1.574770420724E12
225,1.574770420759E12
225,1.574770420797E12
226,1.574770420831E12
227,1.574770420867E12
229,1.574770420902E12
229,1.574770420929E12
230,1.574770420971E12
231,1.574770421003E12
233,1.574770421128E12
233,1.574770421171E12
234,1.574770421202E12
235,1.574770421234E12
236,1.574770421338E12
240,1.574770421463E12
242,1.574770421495E12
243,1.574770421544E12
244,1.574770421579E12
245,1.574770421706E12
248,1.57477042174E12
249,1.57477042178E12
250,1.574770421845E12
251,1.574770421905E12
252,1.574770421933E12
253,1.574770421962E12
254,1.574770421999E12
255,1.574770422034E12
256,1.574770422066E12
257,1.574770422112E12
258,1.574770422152E12
259,1.574770422181E12
260,1.574770422207E12
261,1.574770422239E12
262,1.574770422287E12
263,1.574770422315E12
264,1.574770422433E12
265,1.574770422476E12
267,1.574770422511E12
268,1.574770422554E12
268,1.574770422587E12
269,1.574770422612E12
270,1.574770422682E12
271,1.574770422774E12
272,1.574770422815E12
273,1.574770422846E12
274,1.574770422894E12
276,1.574770422918E12
277,1.574770422944E12
277,1.574770422977E12
278,1.574770423027E12
279,1.574770423062E12
280,1.574770423085E12
281,1.574770423135E12
282,1.574770423177E12
283,1.574770423247E12
284,1.574770423295E12
285,1.574770423355E12
286,1.5747704234E12
287,1.574770423425E12
288,1.574770423446E12
289,1.574770423523E12
291,1.57477042356E12
292,1.574770423621E12
293,1.574770423644E12
293,1.574770423688E12
294,1.574770423716E12
296,1.57477042382E12
296,1.574770423852E12
297,1.574770423886E12
298,1.574770423928E12
299,1.574770423963E12
300,1.574770424112E12
302,1.574770424151E12
303,1.574770424201E12
304,1.57477042423E12
305,1.574770424258E12
305,1.574770424284E12
306,1.574770424357E12
307,1.574770424385E12
308,1.574770424427E12
309,1.574770424456E12
310,1.574770424484E12
311,1.574770424529E12
312,1.574770424628E12
313,1.574770424752E12
314,1.57477042479E12
315,1.574770424911E12
316,1.574770424945E12
317,1.574770424968E12
318,1.574770425038E12
319,1.574770425067E12
320,1.574770425093E12
321,1.574770425142E12
322,1.574770425164E12
323,1.574770425201E12
324,1.574770425239E12
325,1.574770425271E12
326,1.5747704253E12
327,1.574770425323E12
329,1.574770425369E12
329,1.574770425411E12
331,1.574770425439E12
332,1.574770425463E12
332,1.574770425491E12
334,1.574770425582E12
334,1.574770425607E12
335,1.574770425638E12
336,1.574770425667E12
337,1.574770425733E12
338,1.574770425764E12
339,1.574770425803E12
340,1.574770425839E12
341,1.574770425875E12
342,1.574770425907E12
344,1.57477042597E12
345,1.574770426023E12
346,1.574770426047E12
346,1.574770426067E12
348,1.574770426185E12
349,1.574770426202E12
350,1.574770426227E12
351,1.574770426261E12
351,1.574770426308E12
352,1.574770426393E12
354,1.574770426502E12
354,1.574770426537E12
356,1.574770426572E12
356,1.574770426618E12
357,1.574770426645E12
358,1.574770426677E12
359,1.574770426716E12
360,1.574770426769E12
361,1.574770426805E12
362,1.574770426838E12
363,1.574770426886E12
364,1.574770426921E12
366,1.574770427016E12
366,1.574770427054E12
368,1.574770427138E12
368,1.574770427182E12
369,1.574770427249E12
370,1.574770427291E12
371,1.574770427323E12
373,1.574770427383E12
374,1.574770427413E12
375,1.57477042744E12
375,1.574770427486E12
377,1.574770427515E12
377,1.574770427548E12
378,1.574770427583E12
379,1.574770427621E12
380,1.574770427653E12
381,1.574770427721E12
382,1.57477042779E12
384,1.574770427814E12
384,1.574770427865E12
385,1.574770427883E12
386,1.574770427917E12
387,1.574770427948E12
389,1.574770427997E12
389,1.574770428026E12
390,1.574770428048E12
391,1.574770428086E12
392,1.574770428118E12
393,1.574770428164E12
394,1.574770428198E12
396,1.574770428248E12
397,1.574770428322E12
397,1.574770428363E12
398,1.574770428386E12
399,1.574770428408E12
400,1.574770428449E12
401,1.574770428518E12
402,1.574770428631E12
403,1.574770428747E12
405,1.574770428771E12
407,1.574770428793E12
408,1.57477042883E12
418,1.574770429269E12
424,1.574770429536E12
425,1.574770429569E12
426,1.574770429612E12
427,1.574770429703E12
429,1.57477042974E12
430,1.574770429772E12
431,1.574770429792E12
431,1.574770429839E12
433,1.574770429908E12
434,1.57477042994E12
435,1.574770430001E12
436,1.57477043008E12
436,1.5747704301E12
437,1.574770430166E12
439,1.574770430254E12
440,1.574770430281E12
441,1.574770430307E12
442,1.574770430373E12
443,1.574770430402E12
444,1.574770430441E12
445,1.574770430463E12
446,1.574770430504E12
447,1.574770430546E12
449,1.574770430673E12
450,1.574770430711E12
452,1.574770430759E12
452,1.574770430787E12
453,1.57477043082E12
454,1.574770430843E12
454,1.57477043087E12
240,1.574770622056E12
241,1.574770622086E12
242,1.574770622124E12
243,1.574770622157E12
244,1.574770622193E12
245,1.574770622243E12
246,1.574770622268E12
247,1.574770622303E12
248,1.574770622337E12
249,1.574770622373E12
250,1.574770622402E12
251,1.574770622435E12
252,1.574770622468E12
253,1.574770622503E12
254,1.574770622537E12
255,1.574770622571E12
6,1.574770622604E12
256,1.574770622642E12
257,1.574770622671E12
258,1.574770622705E12
7,1.574770622743E12
259,1.574770622777E12
260,1.574770622805E12
262,1.574770622842E12
263,1.574770622871E12
8,1.574770622905E12
264,1.574770622949E12
264,1.574770622986E12
265,1.574770623026E12
267,1.574770623077E12
9,1.574770623112E12
268,1.574770623135E12
269,1.574770623163E12
269,1.574770623209E12
270,1.574770623228E12
271,1.574770623267E12
272,1.574770623307E12
273,1.574770623336E12
274,1.574770623368E12
10,1.574770623409E12
275,1.574770623438E12
277,1.57477062346E12
277,1.574770623492E12
278,1.574770623526E12
279,1.574770623577E12
280,1.574770623607E12
281,1.574770623636E12
282,1.574770623672E12
283,1.574770623693E12
284,1.574770623743E12
285,1.574770623774E12
286,1.574770623799E12
288,1.574770623908E12
288,1.574770623939E12
289,1.574770623964E12
290,1.57477062399E12
291,1.574770624031E12
292,1.574770624095E12
295,1.574770624164E12
296,1.574770624209E12
297,1.574770624259E12
298,1.574770624289E12
298,1.57477062432E12
299,1.574770624347E12
299,1.57477062438E12
300,1.574770624415E12
301,1.574770624441E12
302,1.574770624468E12
303,1.574770624515E12
304,1.574770624542E12
305,1.574770624575E12
306,1.574770624621E12
307,1.574770624642E12
308,1.574770624676E12
309,1.574770624753E12
311,1.574770624806E12
311,1.574770624839E12
312,1.574770624878E12
313,1.574770624912E12
314,1.574770624946E12
316,1.574770625015E12
317,1.574770625046E12
317,1.574770625078E12
318,1.574770625122E12
319,1.574770625142E12
320,1.574770625172E12
321,1.574770625212E12
322,1.574770625253E12
323,1.574770625282E12
324,1.574770625324E12
325,1.574770625356E12
326,1.574770625422E12
328,1.574770625559E12
330,1.574770625593E12
330,1.574770625624E12
331,1.574770625659E12
331,1.574770625689E12
332,1.574770625729E12
333,1.574770625757E12
334,1.574770625834E12
336,1.574770625999E12
338,1.574770626026E12
339,1.574770626053E12
339,1.574770626109E12
340,1.574770626141E12
341,1.574770626166E12
341,1.574770626187E12
343,1.574770626227E12
344,1.574770626258E12
345,1.574770626349E12
346,1.574770626372E12
346,1.57477062639E12
347,1.574770626471E12
349,1.574770626497E12
350,1.574770626533E12
351,1.574770626566E12
351,1.574770626621E12
353,1.574770626766E12
353,1.574770626801E12
354,1.574770626824E12
355,1.574770626871E12
356,1.574770626896E12
357,1.574770626989E12
359,1.574770627028E12
360,1.574770627104E12
360,1.574770627125E12
361,1.574770627163E12
363,1.574770627312E12
363,1.574770627348E12
364,1.574770627375E12
366,1.574770627447E12
368,1.57477062748E12
369,1.574770627505E12
369,1.57477062754E12
370,1.574770627587E12
371,1.574770627618E12
371,1.574770627639E12
373,1.574770627777E12
373,1.574770627806E12
375,1.574770627835E12
375,1.574770627887E12
376,1.57477062791E12
378,1.574770627945E12
378,1.574770627984E12
379,1.574770628035E12
381,1.57477062808E12
382,1.574770628131E12
383,1.574770628154E12
383,1.574770628172E12
384,1.574770628206E12
385,1.574770628248E12
387,1.574770628274E12
388,1.574770628315E12
388,1.574770628348E12
389,1.574770628423E12
391,1.574770628456E12
391,1.574770628496E12
392,1.574770628517E12
393,1.574770628537E12
394,1.574770628627E12
395,1.574770628648E12
396,1.574770628686E12
397,1.574770628715E12
398,1.574770628747E12
399,1.574770628788E12
401,1.574770628982E12
403,1.574770629018E12
405,1.574770629048E12
406,1.574770629098E12
406,1.574770629125E12
407,1.574770629147E12
407,1.574770629176E12
407,1.574770629219E12
408,1.574770629238E12
409,1.574770629273E12
411,1.574770629307E12
411,1.574770629354E12
412,1.574770629392E12
413,1.574770629424E12
415,1.574770629487E12
415,1.574770629514E12
416,1.5747706296E12
417,1.574770629624E12
418,1.574770629643E12
420,1.574770629929E12
422,1.574770629962E12
422,1.574770629992E12
423,1.574770630011E12
423,1.574770630051E12
424,1.574770630101E12
425,1.57477063013E12
427,1.574770630163E12
427,1.574770630193E12
428,1.574770630221E12
429,1.574770630253E12
430,1.574770630314E12
432,1.574770630349E12
432,1.574770630372E12
434,1.574770630401E12
434,1.574770630466E12
435,1.574770630503E12
436,1.574770630525E12
437,1.574770630557E12
438,1.57477063059E12
439,1.574770630636E12
440,1.574770630666E12
441,1.574770630698E12
442,1.57477063074E12
443,1.574770630763E12
444,1.574770630799E12
445,1.57477063089E12
446,1.57477063093E12
447,1.574770630981E12
449,1.574770631007E12
450,1.574770631028E12
450,1.574770631057E12
451,1.574770631095E12
452,1.57477063114E12
455,1.574770631233E12
456,1.574770631264E12
457,1.574770631298E12
458,1.574770631341E12
458,1.574770631362E12
458,1.574770631404E12
460,1.574770631444E12
461,1.574770631479E12
462,1.574770631497E12
463,1.574770631526E12
464,1.574770631664E12
465,1.574770631701E12
465,1.574770631725E12
466,1.574770631748E12
468,1.574770631775E12
468,1.574770631809E12
469,1.574770631834E12
470,1.574770631863E12
471,1.574770631901E12
472,1.574770631971E12
473,1.574770632013E12
474,1.574770632043E12
476,1.574770632088E12
476,1.574770632114E12
477,1.574770632134E12
479,1.574770632206E12
480,1.574770632241E12
481,1.574770632268E12
482,1.57477063231E12
483,1.574770632349E12
483,1.574770632385E12
484,1.574770632415E12
486,1.574770632491E12
486,1.574770632518E12
488,1.574770632568E12
488,1.574770632618E12
489,1.574770632716E12
490,1.574770632751E12
492,1.574770632802E12
493,1.574770632836E12
493,1.574770632869E12
494,1.574770632911E12
495,1.574770632942E12
496,1.574770632975E12
497,1.574770633014E12
498,1.574770633057E12
500,1.574770633206E12
501,1.574770633241E12
502,1.574770633286E12
503,1.574770633324E12
503,1.574770633345E12
504,1.574770633379E12
505,1.574770633515E12
507,1.574770633544E12
508,1.574770633628E12
509,1.574770633655E12
509,1.574770633689E12
510,1.574770633719E12
513,1.574770633817E12
515,1.574770633845E12
516,1.574770633896E12
517,1.574770633925E12
518,1.574770633947E12
518,1.574770633995E12
518,1.574770634022E12
519,1.574770634056E12
520,1.574770634098E12
520,1.574770634123E12
521,1.574770634161E12
522,1.574770634187E12
524,1.574770634255E12
525,1.574770634319E12
526,1.574770634344E12
527,1.574770634365E12
527,1.574770634386E12
528,1.574770634413E12
529,1.574770634498E12
530,1.574770634524E12
532,1.574770634594E12
532,1.574770634632E12
533,1.574770634665E12
535,1.574770634754E12
536,1.574770634787E12
537,1.574770634839E12
538,1.574770634862E12
538,1.574770634893E12
539,1.57477063496E12
541,1.574770635065E12
543,1.574770635097E12
544,1.574770635137E12
544,1.574770635212E12
544,1.574770635238E12
545,1.574770635322E12
546,1.574770635345E12
549,1.574770635423E12
551,1.574770635472E12
552,1.574770635522E12
552,1.574770635545E12
552,1.574770635566E12
552,1.574770635599E12
553,1.574770635623E12
554,1.574770635666E12
555,1.574770635702E12
556,1.574770635741E12
557,1.574770635764E12
558,1.574770635799E12
560,1.574770635932E12
560,1.57477063597E12
562,1.574770636049E12
562,1.574770636072E12
563,1.574770636109E12
565,1.574770636141E12
566,1.574770636182E12
566,1.574770636206E12
567,1.574770636232E12
569,1.574770636375E12
570,1.574770636418E12
571,1.574770636443E12
572,1.574770636471E12
572,1.574770636512E12
573,1.574770636543E12
574,1.574770636588E12
577,1.574770636784E12
578,1.574770636806E12
578,1.574770636834E12
579,1.574770636866E12
580,1.574770636902E12
580,1.57477063694E12
581,1.574770636984E12
582,1.574770637004E12
583,1.574770637045E12
584,1.574770637076E12
585,1.574770637151E12
586,1.574770637195E12
587,1.574770637223E12
588,1.574770637246E12
590,1.574770637277E12
591,1.574770637307E12
591,1.574770637351E12
592,1.574770637383E12
593,1.574770637415E12
594,1.574770637448E12
595,1.574770637488E12
597,1.574770637574E12
597,1.574770637647E12
598,1.57477063772E12
599,1.574770637743E12
601,1.57477063778E12
602,1.574770637812E12
602,1.57477063786E12
603,1.574770637887E12
604,1.574770637956E12
606,1.574770637985E12
607,1.574770638054E12
607,1.574770638081E12
608,1.574770638127E12
609,1.574770638194E12
610,1.574770638223E12
611,1.574770638251E12
612,1.574770638287E12
614,1.574770638355E12
614,1.574770638388E12
615,1.574770638418E12
616,1.57477063846E12
617,1.57477063848E12
619,1.574770638619E12
620,1.574770638707E12
621,1.574770638742E12
621,1.574770638768E12
623,1.574770638831E12
624,1.574770638903E12
624,1.574770638927E12
625,1.574770638959E12
626,1.574770639049E12
628,1.574770639076E12
628,1.574770639099E12
629,1.574770639121E12
479,1.574770639159E12
631,1.574770639185E12
633,1.574770639234E12
634,1.574770639258E12
634,1.574770639291E12
634,1.574770639326E12
635,1.574770639365E12
637,1.574770639393E12
639,1.574770639427E12
640,1.574770639469E12
641,1.574770639496E12
642,1.574770639537E12
642,1.574770639561E12
643,1.574770639592E12
644,1.574770639624E12
644,1.57477063966E12
646,1.574770639692E12
646,1.574770639731E12
647,1.574770639768E12
649,1.574770639804E12
650,1.574770639835E12
651,1.574770639868E12
651,1.574770639907E12
652,1.57477064003E12
653,1.574770640073E12
654,1.574770640121E12
655,1.574770640149E12
657,1.574770640233E12
658,1.574770640261E12
658,1.574770640297E12
659,1.574770640335E12
660,1.574770640388E12
509,1.574770640428E12
662,1.574770640471E12
663,1.57477064051E12
665,1.574770640533E12
665,1.574770640579E12
666,1.574770640605E12
666,1.574770640627E12
667,1.574770640705E12
668,1.574770640742E12
670,1.574770640773E12
670,1.5747706408E12
671,1.57477064085E12
672,1.574770640883E12
673,1.574770640908E12
674,1.574770640932E12
675,1.57477064097E12
676,1.574770641E12
677,1.574770641046E12
678,1.574770641076E12
679,1.57477064111E12
680,1.574770641137E12
681,1.57477064118E12
682,1.574770641221E12
685,1.574770641343E12
686,1.574770641382E12
687,1.574770641406E12
688,1.574770641448E12
688,1.574770641477E12
689,1.57477064152E12
543,1.574770641545E12
690,1.574770641575E12
691,1.574770641601E12
691,1.574770641647E12
692,1.574770641689E12
693,1.574770641714E12
694,1.574770641749E12
696,1.574770641874E12
698,1.574770641908E12
700,1.574770641949E12
700,1.574770641978E12
700,1.574770642008E12
701,1.574770642055E12
701,1.574770642087E12
703,1.574770642149E12
704,1.574770642188E12
705,1.574770642212E12
705,1.574770642248E12
706,1.574770642289E12
566,1.574770642323E12
707,1.574770642347E12
708,1.574770642435E12
709,1.574770642513E12
710,1.574770642546E12
712,1.574770642571E12
712,1.574770642591E12
713,1.574770642611E12
714,1.574770642641E12
715,1.57477064268E12
716,1.574770642726E12
718,1.574770642779E12
720,1.574770642825E12
721,1.574770642855E12
722,1.574770642884E12
723,1.574770642925E12
723,1.574770642948E12
723,1.57477064299E12
725,1.574770643027E12
725,1.574770643073E12
726,1.574770643097E12
727,1.574770643123E12
728,1.574770643158E12
729,1.574770643185E12
731,1.574770643229E12
731,1.574770643265E12
732,1.574770643287E12
733,1.574770643325E12
734,1.574770643363E12
736,1.574770643465E12
736,1.574770643494E12
738,1.574770643519E12
738,1.574770643561E12
739,1.574770643596E12
741,1.574770643614E12
741,1.574770643656E12
742,1.574770643698E12
