0,0.0
1,1.574770418648E12
2,1.574770418673E12
3,1.57477041871E12
4,1.574770418744E12
5,1.574770418777E12
6,1.574770418811E12
7,1.574770418844E12
8,1.574770418878E12
9,1.574770418911E12
10,1.574770418946E12
11,1.574770418978E12
12,1.574770419012E12
13,1.574770419046E12
14,1.57477041908E12
15,1.574770419114E12
16,1.574770419146E12
17,1.57477041918E12
18,1.574770419213E12
19,1.574770419246E12
20,1.574770419282E12
21,1.574770419314E12
22,1.574770419349E12
23,1.574770419382E12
24,1.574770419416E12
25,1.574770419448E12
26,1.574770419483E12
27,1.574770419525E12
28,1.574770419558E12
29,1.574770419597E12
30,1.574770419638E12
31,1.574770419674E12
32,1.574770419696E12
33,1.574770419736E12
34,1.574770419763E12
35,1.574770419808E12
36,1.574770419839E12
37,1.574770419873E12
38,1.574770419898E12
39,1.574770419938E12
40,1.574770419971E12
41,1.574770420007E12
42,1.574770420037E12
43,1.57477042007E12
44,1.574770420096E12
45,1.574770420139E12
46,1.574770420176E12
47,1.574770420202E12
48,1.574770420241E12
49,1.574770420275E12
50,1.574770420313E12
51,1.574770420344E12
52,1.574770420369E12
53,1.574770420409E12
54,1.574770420441E12
55,1.574770420477E12
56,1.574770420505E12
57,1.574770420533E12
58,1.574770420568E12
59,1.574770420599E12
60,1.574770420639E12
61,1.574770420676E12
62,1.574770420705E12
63,1.574770420739E12
64,1.574770420779E12
65,1.574770420813E12
66,1.574770420844E12
67,1.574770420882E12
68,1.574770420911E12
69,1.574770420949E12
70,1.57477042098E12
71,1.574770421006E12
72,1.574770421037E12
73,1.574770421075E12
74,1.574770421108E12
75,1.574770421149E12
76,1.57477042118E12
77,1.574770421214E12
78,1.574770421279E12
79,1.574770421319E12
80,1.574770421349E12
81,1.57477042137E12
82,1.574770421407E12
83,1.574770421444E12
84,1.574770421472E12
85,1.574770421521E12
86,1.574770421557E12
87,1.574770421585E12
88,1.57477042165E12
89,1.574770421685E12
90,1.574770421719E12
91,1.57477042176E12
92,1.574770421789E12
93,1.574770421823E12
94,1.574770421856E12
95,1.574770421886E12
96,1.574770421912E12
97,1.574770421943E12
98,1.57477042198E12
99,1.574770422016E12
100,1.574770422048E12
101,1.574770422087E12
102,1.574770422122E12
103,1.574770422156E12
104,1.574770422187E12
105,1.574770422217E12
106,1.574770422264E12
107,1.574770422293E12
108,1.574770422316E12
109,1.574770422347E12
110,1.574770422382E12
111,1.574770422414E12
112,1.574770422452E12
113,1.574770422487E12
114,1.574770422526E12
115,1.57477042256E12
116,1.574770422592E12
117,1.574770422618E12
118,1.574770422659E12
119,1.574770422685E12
120,1.57477042272E12
121,1.574770422754E12
122,1.574770422793E12
123,1.574770422825E12
124,1.574770422865E12
125,1.574770422894E12
126,1.574770422925E12
127,1.574770422955E12
128,1.574770423003E12
130,1.574770423051E12
130,1.574770423051E12
131,1.574770423085E12
132,1.574770423116E12
133,1.574770423158E12
134,1.574770423185E12
135,1.574770423225E12
136,1.574770423268E12
137,1.574770423327E12
139,1.5747704234E12
139,1.5747704234E12
140,1.574770423427E12
141,1.574770423454E12
142,1.574770423496E12
143,1.574770423538E12
144,1.574770423568E12
145,1.574770423598E12
146,1.574770423625E12
147,1.574770423668E12
148,1.574770423696E12
149,1.574770423725E12
150,1.57477042376E12
151,1.574770423794E12
152,1.574770423829E12
153,1.574770423863E12
154,1.574770423903E12
155,1.574770423938E12
156,1.574770423969E12
157,1.574770423997E12
159,1.574770424063E12
159,1.574770424063E12
160,1.574770424094E12
161,1.574770424128E12
162,1.574770424176E12
163,1.574770424208E12
164,1.574770424237E12
165,1.574770424267E12
166,1.574770424297E12
167,1.574770424336E12
168,1.574770424364E12
169,1.574770424401E12
170,1.574770424429E12
171,1.57477042446E12
172,1.574770424504E12
173,1.574770424538E12
174,1.574770424577E12
175,1.574770424607E12
176,1.574770424635E12
177,1.574770424682E12
179,1.57477042473E12
179,1.57477042473E12
180,1.574770424773E12
181,1.574770424804E12
182,1.574770424845E12
183,1.574770424882E12
185,1.57477042494E12
185,1.57477042494E12
186,1.574770425015E12
187,1.574770425046E12
188,1.574770425072E12
190,1.574770425138E12
190,1.574770425138E12
191,1.57477042518E12
192,1.574770425219E12
193,1.574770425252E12
194,1.574770425278E12
195,1.574770425307E12
196,1.574770425347E12
198,1.574770425405E12
198,1.574770425405E12
199,1.574770425441E12
200,1.574770425472E12
201,1.574770425544E12
202,1.574770425582E12
203,1.574770425613E12
204,1.574770425643E12
205,1.574770425682E12
206,1.57477042571E12
207,1.574770425741E12
208,1.57477042578E12
209,1.574770425816E12
210,1.574770425855E12
211,1.574770425887E12
212,1.574770425916E12
213,1.574770425948E12
215,1.574770426021E12
216,1.574770426045E12
216,1.574770426045E12
217,1.574770426078E12
218,1.574770426126E12
220,1.574770426172E12
220,1.574770426172E12
221,1.574770426208E12
222,1.574770426243E12
223,1.574770426289E12
224,1.574770426316E12
225,1.574770426362E12
227,1.574770426412E12
227,1.574770426412E12
228,1.574770426442E12
229,1.574770426481E12
230,1.574770426517E12
231,1.574770426553E12
232,1.57477042659E12
233,1.574770426623E12
234,1.574770426658E12
235,1.574770426694E12
236,1.574770426725E12
237,1.574770426749E12
238,1.574770426785E12
239,1.574770426817E12
240,1.574770426861E12
242,1.574770426921E12
242,1.574770426921E12
243,1.57477042695E12
244,1.574770426994E12
246,1.574770427047E12
246,1.574770427047E12
247,1.574770427084E12
248,1.574770427118E12
249,1.574770427156E12
250,1.574770427227E12
251,1.574770427267E12
252,1.574770427322E12
253,1.574770427322E12
254,1.574770427362E12
255,1.574770427395E12
256,1.574770427421E12
257,1.574770427465E12
258,1.574770427494E12
259,1.574770427526E12
260,1.574770427557E12
261,1.574770427598E12
262,1.574770427633E12
263,1.574770427664E12
264,1.574770427696E12
265,1.574770427732E12
267,1.57477042779E12
267,1.57477042779E12
269,1.574770427855E12
269,1.574770427855E12
270,1.5747704279E12
271,1.574770427931E12
272,1.574770427968E12
274,1.574770428024E12
274,1.574770428024E12
275,1.574770428065E12
276,1.574770428095E12
277,1.574770428138E12
278,1.574770428173E12
279,1.5747704282E12
280,1.574770428228E12
281,1.574770428298E12
282,1.574770428338E12
283,1.574770428368E12
284,1.57477042839E12
285,1.57477042843E12
286,1.574770428458E12
287,1.574770428498E12
288,1.574770428532E12
289,1.574770428577E12
290,1.574770428607E12
292,1.574770428743E12
293,1.574770428761E12
293,1.574770428761E12
294,1.574770428807E12
295,1.574770428845E12
296,1.574770428876E12
297,1.574770428908E12
298,1.574770428939E12
299,1.574770428974E12
300,1.574770429002E12
301,1.574770429037E12
302,1.574770429069E12
303,1.574770429103E12
304,1.574770429144E12
305,1.574770429175E12
306,1.574770429208E12
308,1.574770429267E12
308,1.574770429267E12
310,1.574770429332E12
310,1.574770429332E12
311,1.574770429373E12
312,1.574770429406E12
313,1.574770429436E12
314,1.574770429465E12
315,1.574770429508E12
316,1.574770429546E12
317,1.574770429582E12
319,1.57477042964E12
319,1.57477042964E12
320,1.574770429681E12
321,1.574770429717E12
323,1.57477042977E12
323,1.57477042977E12
324,1.574770429821E12
325,1.574770429848E12
326,1.574770429883E12
328,1.574770429937E12
328,1.574770429937E12
329,1.574770429982E12
330,1.574770430057E12
331,1.574770430082E12
332,1.574770430108E12
333,1.574770430144E12
334,1.574770430223E12
335,1.574770430256E12
336,1.574770430287E12
337,1.574770430307E12
338,1.574770430353E12
339,1.574770430383E12
340,1.574770430421E12
341,1.574770430442E12
342,1.574770430483E12
343,1.574770430523E12
344,1.57477043056E12
345,1.574770430585E12
346,1.574770430622E12
347,1.57477043065E12
348,1.574770430686E12
349,1.574770430727E12
350,1.574770430762E12
351,1.574770430793E12
352,1.574770430818E12
353,1.57477043085E12
354,1.574770430889E12
355,1.574770430918E12
356,1.574770430956E12
357,1.574770430998E12
358,1.574770431022E12
359,1.574770431058E12
360,1.574770431095E12
361,1.574770431116E12
362,1.574770431159E12
363,1.57477043119E12
364,1.574770431228E12
365,1.574770431263E12
366,1.574770431295E12
367,1.574770431333E12
368,1.57477043136E12
369,1.574770431391E12
370,1.574770431415E12
371,1.574770431448E12
372,1.574770431489E12
373,1.574770431537E12
374,1.574770431574E12
376,1.574770431619E12
376,1.574770431619E12
377,1.574770431665E12
379,1.574770431721E12
379,1.574770431721E12
380,1.574770431765E12
381,1.57477043179E12
382,1.574770431832E12
384,1.574770431927E12
384,1.574770431927E12
385,1.574770431966E12
386,1.574770431989E12
387,1.57477043203E12
389,1.57477043209E12
389,1.57477043209E12
390,1.574770432127E12
392,1.574770432202E12
393,1.574770432232E12
393,1.574770432232E12
394,1.574770432264E12
395,1.5747704323E12
396,1.57477043233E12
397,1.57477043237E12
398,1.574770432401E12
399,1.574770432428E12
400,1.574770432462E12
401,1.574770432499E12
402,1.574770432539E12
403,1.57477043257E12
404,1.574770432599E12
405,1.574770432634E12
406,1.574770432664E12
407,1.574770432705E12
408,1.574770432742E12
409,1.574770432768E12
410,1.574770432792E12
411,1.574770432827E12
412,1.574770432856E12
413,1.574770432896E12
414,1.574770432923E12
415,1.57477043296E12
416,1.574770432989E12
417,1.574770433032E12
418,1.574770433057E12
419,1.574770433094E12
420,1.574770433122E12
421,1.574770433156E12
0,0.0
1,1.574770622054E12
2,1.574770622084E12
3,1.574770622122E12
4,1.574770622156E12
5,1.574770622191E12
6,1.574770622225E12
7,1.574770622257E12
8,1.57477062229E12
9,1.574770622323E12
10,1.574770622357E12
11,1.574770622391E12
12,1.574770622424E12
13,1.574770622457E12
14,1.574770622492E12
15,1.574770622525E12
16,1.574770622559E12
17,1.574770622592E12
18,1.574770622626E12
19,1.574770622659E12
20,1.574770622693E12
21,1.574770622726E12
22,1.574770622761E12
23,1.574770622794E12
24,1.574770622827E12
25,1.57477062286E12
26,1.574770622894E12
27,1.574770622933E12
28,1.57477062297E12
29,1.574770623008E12
30,1.574770623052E12
31,1.574770623089E12
32,1.574770623114E12
33,1.574770623143E12
35,1.574770623205E12
35,1.574770623205E12
36,1.574770623249E12
37,1.574770623288E12
38,1.574770623317E12
39,1.57477062335E12
40,1.574770623386E12
41,1.574770623418E12
42,1.574770623444E12
43,1.574770623476E12
44,1.574770623508E12
45,1.574770623554E12
46,1.574770623587E12
47,1.574770623617E12
48,1.574770623655E12
49,1.574770623676E12
50,1.574770623726E12
51,1.574770623756E12
52,1.574770623781E12
53,1.574770623816E12
54,1.574770623859E12
55,1.574770623892E12
56,1.574770623919E12
57,1.574770623948E12
58,1.574770623977E12
59,1.574770624015E12
60,1.574770624047E12
61,1.574770624079E12
62,1.574770624116E12
63,1.574770624146E12
64,1.574770624188E12
65,1.574770624232E12
66,1.574770624263E12
67,1.574770624295E12
68,1.574770624326E12
69,1.574770624359E12
70,1.574770624395E12
71,1.574770624425E12
72,1.574770624449E12
73,1.574770624496E12
74,1.574770624526E12
75,1.574770624557E12
76,1.574770624599E12
77,1.574770624626E12
78,1.574770624661E12
79,1.574770624733E12
80,1.574770624761E12
81,1.57477062479E12
82,1.574770624819E12
83,1.574770624859E12
84,1.574770624896E12
85,1.574770624927E12
86,1.574770624965E12
87,1.574770624996E12
88,1.574770625028E12
89,1.574770625057E12
90,1.574770625104E12
91,1.574770625126E12
92,1.574770625154E12
93,1.574770625193E12
94,1.574770625233E12
95,1.574770625262E12
96,1.5747706253E12
97,1.574770625335E12
98,1.574770625369E12
99,1.574770625401E12
100,1.574770625431E12
101,1.574770625462E12
102,1.574770625498E12
103,1.574770625537E12
104,1.574770625572E12
105,1.574770625601E12
106,1.574770625638E12
107,1.57477062567E12
108,1.574770625703E12
109,1.574770625732E12
110,1.57477062577E12
111,1.574770625806E12
112,1.574770625838E12
113,1.574770625872E12
114,1.574770625906E12
115,1.574770625945E12
116,1.574770625976E12
117,1.574770626007E12
118,1.574770626031E12
119,1.574770626082E12
120,1.574770626113E12
122,1.574770626168E12
124,1.574770626233E12
126,1.574770626341E12
127,1.57477062637E12
127,1.57477062637E12
128,1.57477062641E12
129,1.574770626446E12
130,1.574770626473E12
131,1.574770626513E12
132,1.574770626541E12
133,1.574770626601E12
134,1.574770626645E12
136,1.574770626701E12
136,1.574770626701E12
137,1.574770626745E12
138,1.574770626777E12
139,1.574770626805E12
140,1.574770626846E12
141,1.574770626874E12
142,1.574770626914E12
143,1.57477062694E12
144,1.57477062697E12
145,1.574770627006E12
146,1.574770627043E12
147,1.574770627078E12
148,1.574770627105E12
149,1.574770627141E12
150,1.574770627174E12
151,1.574770627212E12
152,1.574770627241E12
153,1.574770627285E12
154,1.574770627318E12
155,1.57477062735E12
156,1.574770627385E12
157,1.57477062742E12
159,1.574770627477E12
159,1.574770627477E12
160,1.574770627515E12
161,1.574770627559E12
163,1.574770627614E12
163,1.574770627614E12
164,1.574770627647E12
165,1.574770627685E12
166,1.57477062772E12
167,1.574770627755E12
168,1.574770627787E12
169,1.574770627814E12
170,1.574770627887E12
171,1.574770627887E12
172,1.574770627922E12
173,1.574770627959E12
174,1.574770627985E12
175,1.574770628016E12
176,1.574770628056E12
178,1.574770628127E12
179,1.574770628148E12
179,1.574770628148E12
180,1.574770628187E12
181,1.574770628225E12
182,1.574770628253E12
183,1.574770628291E12
184,1.574770628326E12
185,1.574770628387E12
186,1.574770628428E12
188,1.574770628484E12
189,1.574770628515E12
189,1.574770628515E12
190,1.574770628548E12
191,1.574770628603E12
192,1.574770628627E12
193,1.574770628661E12
194,1.574770628693E12
195,1.574770628724E12
196,1.57477062876E12
197,1.574770628803E12
198,1.574770628829E12
199,1.574770628857E12
200,1.574770628898E12
201,1.574770628926E12
202,1.57477062896E12
203,1.574770628998E12
204,1.574770629029E12
205,1.57477062907E12
206,1.5747706291E12
207,1.574770629129E12
208,1.574770629155E12
209,1.574770629196E12
210,1.57477062922E12
211,1.574770629255E12
212,1.574770629289E12
213,1.57477062933E12
214,1.574770629366E12
215,1.574770629397E12
216,1.574770629434E12
217,1.574770629466E12
218,1.57477062949E12
219,1.574770629526E12
220,1.574770629572E12
222,1.574770629621E12
222,1.574770629621E12
226,1.574770629802E12
229,1.574770629938E12
230,1.57477062997E12
231,1.574770629993E12
232,1.57477063003E12
237,1.574770630198E12
479,1.5747706385E12
480,1.574770638529E12
482,1.574770638593E12
482,1.574770638593E12
483,1.574770638666E12
486,1.574770638764E12
509,1.574770639601E12
510,1.574770639636E12
511,1.574770639669E12
514,1.574770639776E12
515,1.57477063981E12
520,1.574770639967E12
521,1.574770640007E12
543,1.574770640778E12
566,1.574770641553E12
576,1.574770641885E12
581,1.57477064206E12
583,1.574770642119E12
589,1.574770642325E12
590,1.574770642408E12
592,1.574770642494E12
593,1.574770642523E12
594,1.574770642564E12
594,1.574770642564E12
595,1.574770642593E12
596,1.574770642623E12
597,1.574770642659E12
598,1.5747706427E12
600,1.574770642756E12
600,1.574770642756E12
601,1.574770642802E12
602,1.574770642834E12
603,1.574770642864E12
604,1.574770642899E12
605,1.574770642928E12
606,1.574770642965E12
607,1.574770643001E12
609,1.574770643069E12
609,1.574770643069E12
610,1.5747706431E12
611,1.574770643136E12
612,1.574770643164E12
613,1.574770643203E12
615,1.574770643258E12
615,1.574770643258E12
616,1.574770643303E12
617,1.574770643337E12
619,1.574770643395E12
619,1.574770643395E12
620,1.574770643442E12
621,1.574770643474E12
622,1.574770643497E12
623,1.574770643541E12
624,1.574770643577E12
625,1.574770643597E12
626,1.574770643638E12
628,1.574770643696E12
628,1.574770643696E12
629,1.574770643744E12
630,1.574770643779E12
631,1.574770643803E12
632,1.574770643842E12
633,1.574770643871E12
634,1.574770643908E12
635,1.574770643937E12
637,1.574770644007E12
637,1.574770644007E12
638,1.574770644038E12
639,1.574770644072E12
641,1.574770644153E12
643,1.574770644205E12
645,1.574770644269E12
646,1.574770644303E12
647,1.57477064434E12
648,1.574770644385E12
649,1.574770644411E12
650,1.574770644444E12
651,1.574770644479E12
652,1.574770644513E12
653,1.574770644549E12
654,1.574770644581E12
655,1.574770644613E12
656,1.57477064464E12
657,1.574770644685E12
658,1.574770644711E12
659,1.574770644748E12
660,1.574770644796E12
661,1.57477064485E12
662,1.574770644884E12
663,1.574770644914E12
664,1.574770644938E12
665,1.574770644973E12
666,1.574770645001E12
667,1.574770645074E12
668,1.574770645108E12
669,1.574770645142E12
670,1.574770645166E12
671,1.574770645204E12
672,1.574770645241E12
673,1.574770645267E12
674,1.574770645301E12
675,1.574770645339E12
676,1.574770645374E12
677,1.574770645403E12
