0,1.574943763573E12
1,1.574943763958E12
2,1.574943763984E12
3,1.574943764021E12
4,1.574943764055E12
5,1.574943764091E12
6,1.574943764135E12
7,1.574943764164E12
8,1.574943764202E12
9,1.574943764236E12
10,1.574943764274E12
11,1.574943764303E12
12,1.574943764339E12
13,1.57494376437E12
14,1.574943764404E12
15,1.57494376444E12
16,1.574943764472E12
17,1.574943764504E12
18,1.574943764538E12
19,1.574943764568E12
20,1.574943764602E12
21,1.574943764635E12
22,1.574943764672E12
23,1.574943764702E12
24,1.574943764736E12
25,1.574943764772E12
26,1.574943764809E12
27,1.574943764841E12
28,1.574943764884E12
29,1.574943764919E12
30,1.574943764974E12
31,1.574943765002E12
32,1.574943765033E12
33,1.574943765068E12
34,1.5749437651E12
35,1.57494376513E12
36,1.574943765153E12
37,1.574943765182E12
38,1.574943765219E12
39,1.574943765264E12
40,1.574943765307E12
41,1.574943765331E12
42,1.574943765352E12
43,1.574943765404E12
44,1.574943765428E12
45,1.574943765459E12
46,1.574943765488E12
47,1.574943765527E12
48,1.574943765563E12
49,1.574943765605E12
50,1.574943765645E12
51,1.574943765697E12
52,1.574943765749E12
53,1.574943765773E12
54,1.574943765803E12
55,1.574943765827E12
56,1.574943765856E12
57,1.574943765888E12
58,1.574943765927E12
59,1.574943765967E12
60,1.574943765994E12
61,1.574943766023E12
62,1.574943766062E12
63,1.574943766089E12
64,1.574943766136E12
65,1.574943766159E12
66,1.574943766191E12
67,1.574943766229E12
68,1.574943766258E12
69,1.574943766297E12
70,1.574943766325E12
71,1.574943766359E12
72,1.574943766396E12
73,1.574943766428E12
74,1.574943766458E12
75,1.574943766501E12
76,1.57494376653E12
77,1.574943766562E12
78,1.574943766603E12
79,1.574943766635E12
80,1.574943766662E12
81,1.574943766694E12
82,1.57494376673E12
83,1.574943766786E12
84,1.574943766801E12
85,1.574943766826E12
86,1.574943766865E12
87,1.574943766895E12
88,1.574943766932E12
89,1.574943766968E12
90,1.574943767001E12
91,1.574943767028E12
92,1.574943767077E12
93,1.574943767102E12
94,1.574943767138E12
95,1.574943767167E12
96,1.574943767206E12
97,1.574943767232E12
98,1.574943767273E12
99,1.574943767301E12
100,1.574943767338E12
101,1.574943767368E12
102,1.5749437674E12
103,1.574943767437E12
104,1.574943767471E12
105,1.574943767503E12
106,1.574943767536E12
107,1.574943767571E12
108,1.574943767618E12
109,1.574943767648E12
110,1.574943767672E12
111,1.574943767706E12
112,1.574943767743E12
113,1.574943767777E12
114,1.574943767812E12
115,1.574943767848E12
116,1.574943767884E12
117,1.574943767906E12
118,1.574943767945E12
119,1.574943767978E12
120,1.574943768008E12
121,1.574943768039E12
122,1.57494376808E12
123,1.574943768117E12
125,1.574943768198E12
125,1.574943768215E12
126,1.57494376824E12
127,1.574943768273E12
128,1.574943768311E12
129,1.57494376835E12
130,1.574943768376E12
131,1.574943768415E12
132,1.574943768443E12
133,1.574943768475E12
134,1.57494376851E12
135,1.57494376855E12
136,1.574943768583E12
137,1.574943768617E12
138,1.574943768658E12
139,1.574943768689E12
140,1.574943768712E12
141,1.574943768745E12
142,1.574943768776E12
143,1.574943768813E12
144,1.574943768845E12
145,1.574943768877E12
146,1.574943768913E12
147,1.574943768946E12
148,1.574943768988E12
149,1.574943769021E12
150,1.574943769047E12
151,1.57494376908E12
152,1.574943769116E12
153,1.574943769145E12
154,1.574943769181E12
155,1.574943769213E12
156,1.574943769259E12
157,1.574943769297E12
158,1.574943769349E12
159,1.574943769373E12
160,1.574943769395E12
161,1.57494376943E12
162,1.574943769471E12
163,1.57494376954E12
164,1.574943769576E12
165,1.574943769609E12
166,1.574943769636E12
167,1.574943769677E12
168,1.574943769713E12
169,1.574943769739E12
170,1.574943769766E12
171,1.574943769817E12
173,1.574943769847E12
173,1.574943769872E12
174,1.574943769912E12
175,1.57494376994E12
176,1.574943769977E12
178,1.574943770013E12
178,1.574943770037E12
179,1.57494377007E12
180,1.574943770113E12
181,1.574943770146E12
182,1.574943770173E12
184,1.574943770216E12
184,1.574943770237E12
185,1.574943770276E12
186,1.574943770311E12
187,1.574943770357E12
189,1.574943770418E12
189,1.574943770443E12
190,1.574943770484E12
191,1.574943770512E12
193,1.574943770555E12
193,1.574943770579E12
194,1.574943770652E12
196,1.574943770708E12
197,1.574943770734E12
197,1.574943770754E12
198,1.574943770772E12
199,1.574943770797E12
200,1.574943770843E12
201,1.57494377088E12
202,1.574943770908E12
203,1.574943770944E12
204,1.574943770978E12
205,1.574943771017E12
207,1.574943771058E12
207,1.574943771083E12
208,1.574943771117E12
209,1.574943771143E12
210,1.574943771184E12
211,1.574943771214E12
212,1.574943771253E12
213,1.574943771282E12
214,1.574943771313E12
215,1.574943771348E12
216,1.574943771385E12
217,1.574943771407E12
218,1.574943771449E12
219,1.574943771478E12
220,1.574943771524E12
221,1.574943771556E12
222,1.574943771586E12
223,1.574943771623E12
224,1.574943771655E12
225,1.574943771691E12
226,1.574943771722E12
227,1.574943771751E12
228,1.574943771789E12
229,1.57494377182E12
230,1.574943771854E12
232,1.574943771905E12
232,1.574943771929E12
233,1.574943771965E12
234,1.57494377199E12
235,1.574943772015E12
236,1.574943772051E12
237,1.574943772087E12
238,1.574943772131E12
239,1.574943772156E12
240,1.574943772193E12
241,1.574943772226E12
242,1.574943772252E12
243,1.574943772292E12
244,1.574943772327E12
245,1.574943772359E12
247,1.574943772398E12
247,1.574943772422E12
248,1.574943772457E12
249,1.574943772486E12
251,1.574943772533E12
251,1.574943772554E12
252,1.574943772586E12
253,1.57494377262E12
254,1.574943772666E12
255,1.574943772697E12
256,1.574943772722E12
257,1.574943772755E12
258,1.574943772799E12
259,1.574943772826E12
260,1.574943772863E12
261,1.574943772892E12
262,1.574943772931E12
263,1.57494377297E12
264,1.574943773002E12
265,1.574943773033E12
266,1.574943773061E12
267,1.574943773098E12
268,1.574943773134E12
269,1.574943773158E12
270,1.574943773202E12
271,1.574943773236E12
272,1.574943773279E12
274,1.574943773306E12
274,1.574943773327E12
275,1.574943773364E12
276,1.574943773395E12
277,1.574943773423E12
278,1.574943773472E12
279,1.574943773502E12
280,1.574943773531E12
281,1.574943773564E12
282,1.57494377359E12
283,1.574943773641E12
284,1.574943773669E12
285,1.574943773706E12
286,1.574943773724E12
287,1.574943773763E12
288,1.574943773805E12
289,1.574943773827E12
290,1.574943773864E12
291,1.574943773913E12
292,1.574943773936E12
293,1.574943773963E12
294,1.574943774012E12
295,1.574943774037E12
296,1.574943774073E12
297,1.5749437741E12
298,1.574943774139E12
299,1.574943774175E12
300,1.574943774211E12
301,1.574943774246E12
302,1.574943774273E12
303,1.574943774304E12
304,1.574943774335E12
305,1.574943774376E12
306,1.574943774408E12
307,1.574943774438E12
309,1.574943774474E12
309,1.574943774493E12
310,1.574943774526E12
311,1.574943774554E12
312,1.574943774597E12
313,1.574943774623E12
314,1.574943774666E12
315,1.574943774695E12
316,1.574943774725E12
317,1.574943774754E12
318,1.574943774789E12
319,1.574943774821E12
320,1.57494377486E12
321,1.574943774893E12
322,1.574943774926E12
323,1.574943774966E12
324,1.574943775002E12
325,1.574943775024E12
326,1.574943775055E12
327,1.574943775091E12
328,1.574943775126E12
329,1.57494377517E12
330,1.574943775194E12
331,1.574943775227E12
333,1.574943775324E12
333,1.574943775344E12
334,1.574943775369E12
335,1.574943775396E12
336,1.574943775471E12
337,1.574943775504E12
338,1.574943775531E12
339,1.574943775565E12
340,1.574943775604E12
341,1.574943775637E12
342,1.574943775673E12
343,1.574943775704E12
344,1.57494377574E12
345,1.574943775767E12
346,1.574943775804E12
347,1.574943775829E12
349,1.574943775888E12
349,1.574943775908E12
350,1.574943775939E12
351,1.574943775967E12
352,1.574943776005E12
353,1.574943776032E12
354,1.574943776075E12
355,1.574943776108E12
356,1.574943776136E12
357,1.574943776178E12
358,1.57494377621E12
359,1.574943776241E12
360,1.574943776279E12
361,1.574943776309E12
362,1.574943776345E12
363,1.574943776375E12
365,1.574943776421E12
365,1.574943776438E12
366,1.574943776468E12
367,1.574943776504E12
368,1.574943776544E12
369,1.57494377657E12
370,1.574943776611E12
371,1.574943776639E12
372,1.574943776691E12
373,1.57494377671E12
374,1.574943776739E12
375,1.574943776774E12
376,1.574943776804E12
377,1.574943776836E12
378,1.574943776875E12
379,1.574943776909E12
380,1.574943776949E12
381,1.574943776975E12
382,1.574943777009E12
383,1.574943777049E12
384,1.574943777074E12
385,1.574943777109E12
386,1.574943777143E12
387,1.574943777176E12
388,1.574943777222E12
389,1.574943777242E12
390,1.574943777282E12
391,1.574943777309E12
392,1.574943777342E12
393,1.574943777378E12
394,1.574943777412E12
395,1.574943777444E12
397,1.574943777506E12
397,1.574943777523E12
398,1.574943777548E12
399,1.574943777575E12
400,1.574943777611E12
401,1.574943777645E12
402,1.574943777682E12
403,1.574943777713E12
404,1.57494377775E12
405,1.574943777792E12
406,1.574943777821E12
407,1.574943777847E12
408,1.574943777887E12
409,1.574943777922E12
410,1.574943777955E12
411,1.574943777988E12
412,1.574943778015E12
414,1.574943778075E12
414,1.574943778093E12
415,1.574943778112E12
416,1.574943778146E12
417,1.574943778188E12
418,1.574943778218E12
419,1.57494377826E12
420,1.574943778287E12
421,1.574943778317E12
422,1.574943778379E12
423,1.574943778409E12
425,1.574943778446E12
425,1.574943778467E12
426,1.574943778495E12
427,1.574943778517E12
428,1.574943778553E12
429,1.574943778587E12
430,1.574943778623E12
431,1.574943778653E12
432,1.574943778687E12
433,1.574943778722E12
434,1.574943778758E12
435,1.574943778789E12
436,1.574943778828E12
437,1.574943778854E12
438,1.574943778898E12
439,1.574943778923E12
440,1.574943778964E12
441,1.574943778995E12
442,1.574943779034E12
443,1.574943779066E12
444,1.57494377909E12
445,1.574943779123E12
446,1.574943779158E12
447,1.574943779195E12
448,1.574943779223E12
449,1.574943779264E12
451,1.574943779312E12
451,1.574943779332E12
452,1.574943779367E12
453,1.574943779395E12
454,1.574943779432E12
455,1.574943779466E12
456,1.574943779495E12
457,1.574943779536E12
458,1.574943779573E12
459,1.574943779602E12
460,1.574943779636E12
461,1.574943779669E12
462,1.574943779706E12
463,1.574943779737E12
464,1.574943779766E12
465,1.574943779796E12
466,1.574943779846E12
467,1.574943779861E12
468,1.574943779894E12
469,1.574943779929E12
470,1.574943779976E12
471,1.574943780012E12
472,1.574943780029E12
473,1.574943780059E12
0,1.574943849243E12
1,1.574943849626E12
2,1.574943849654E12
3,1.574943849691E12
4,1.574943849728E12
5,1.574943849762E12
6,1.574943849808E12
7,1.574943849836E12
8,1.57494384987E12
9,1.574943849903E12
10,1.574943849939E12
11,1.574943849971E12
12,1.57494385001E12
13,1.574943850041E12
14,1.574943850071E12
15,1.574943850106E12
16,1.574943850138E12
17,1.574943850172E12
18,1.574943850205E12
19,1.574943850239E12
20,1.574943850275E12
21,1.574943850306E12
22,1.574943850341E12
23,1.574943850373E12
24,1.574943850412E12
25,1.574943850441E12
26,1.574943850476E12
27,1.574943850512E12
28,1.574943850546E12
29,1.574943850581E12
30,1.574943850625E12
31,1.574943850657E12
32,1.574943850702E12
33,1.574943850732E12
34,1.574943850764E12
35,1.574943850793E12
36,1.574943850836E12
37,1.574943850869E12
38,1.5749438509E12
39,1.574943850935E12
40,1.574943850977E12
41,1.574943851005E12
42,1.57494385107E12
43,1.574943851119E12
44,1.574943851143E12
45,1.574943851166E12
46,1.574943851205E12
47,1.574943851238E12
48,1.574943851263E12
49,1.574943851308E12
50,1.574943851338E12
51,1.574943851368E12
52,1.574943851401E12
53,1.574943851433E12
54,1.574943851469E12
55,1.574943851496E12
56,1.574943851535E12
57,1.574943851569E12
58,1.574943851605E12
59,1.574943851631E12
60,1.574943851674E12
61,1.57494385171E12
62,1.574943851746E12
63,1.574943851775E12
64,1.574943851809E12
65,1.574943851849E12
66,1.574943851872E12
67,1.574943851899E12
68,1.574943851939E12
69,1.574943851976E12
70,1.574943852022E12
71,1.574943852058E12
72,1.574943852089E12
73,1.574943852121E12
74,1.574943852148E12
75,1.574943852187E12
76,1.574943852215E12
77,1.574943852244E12
78,1.574943852283E12
79,1.574943852324E12
80,1.574943852347E12
81,1.574943852368E12
82,1.574943852405E12
83,1.574943852439E12
84,1.574943852484E12
85,1.574943852528E12
86,1.574943852571E12
87,1.574943852621E12
88,1.574943852651E12
89,1.574943852682E12
90,1.574943852711E12
91,1.574943852754E12
92,1.574943852784E12
93,1.574943852818E12
94,1.574943852856E12
95,1.574943852884E12
96,1.57494385292E12
97,1.57494385295E12
98,1.57494385298E12
99,1.574943853011E12
100,1.574943853055E12
101,1.574943853084E12
102,1.574943853123E12
103,1.57494385316E12
104,1.574943853195E12
105,1.574943853225E12
106,1.574943853257E12
107,1.574943853289E12
108,1.574943853326E12
109,1.574943853355E12
110,1.574943853385E12
111,1.574943853419E12
112,1.574943853453E12
113,1.574943853506E12
114,1.574943853537E12
115,1.57494385357E12
116,1.574943853595E12
117,1.57494385362E12
118,1.574943853683E12
120,1.574943853709E12
120,1.574943853727E12
121,1.574943853754E12
122,1.574943853785E12
123,1.574943853823E12
124,1.57494385385E12
125,1.57494385389E12
126,1.574943853924E12
127,1.574943853944E12
128,1.574943853976E12
129,1.57494385401E12
130,1.574943854047E12
131,1.574943854078E12
132,1.574943854127E12
133,1.574943854145E12
134,1.574943854222E12
135,1.574943854248E12
136,1.574943854282E12
137,1.574943854325E12
138,1.574943854344E12
139,1.574943854377E12
140,1.574943854416E12
141,1.574943854449E12
142,1.574943854491E12
143,1.574943854528E12
144,1.574943854545E12
145,1.574943854626E12
146,1.574943854659E12
147,1.574943854689E12
148,1.574943854718E12
149,1.574943854755E12
150,1.574943854795E12
151,1.574943854829E12
152,1.574943854859E12
153,1.574943854886E12
154,1.574943854918E12
155,1.574943854952E12
156,1.574943854999E12
157,1.574943855032E12
158,1.574943855057E12
159,1.574943855095E12
160,1.574943855129E12
161,1.574943855151E12
162,1.574943855196E12
163,1.574943855222E12
164,1.574943855264E12
165,1.574943855313E12
166,1.574943855335E12
167,1.574943855362E12
168,1.574943855387E12
169,1.574943855421E12
170,1.574943855457E12
171,1.5749438555E12
172,1.574943855531E12
173,1.574943855565E12
174,1.574943855594E12
175,1.574943855624E12
176,1.574943855665E12
177,1.574943855688E12
178,1.574943855734E12
179,1.574943855758E12
180,1.574943855802E12
181,1.574943855849E12
182,1.574943855869E12
183,1.574943855894E12
184,1.574943855927E12
185,1.574943855968E12
186,1.574943856001E12
187,1.574943856027E12
188,1.57494385606E12
189,1.574943856094E12
190,1.574943856149E12
191,1.574943856168E12
192,1.574943856192E12
193,1.574943856235E12
194,1.574943856301E12
195,1.574943856335E12
196,1.574943856362E12
197,1.574943856394E12
198,1.574943856426E12
199,1.574943856463E12
200,1.574943856504E12
201,1.574943856539E12
202,1.574943856566E12
203,1.574943856595E12
204,1.574943856638E12
205,1.574943856684E12
206,1.574943856702E12
207,1.57494385673E12
208,1.574943856774E12
209,1.574943856807E12
210,1.574943856839E12
211,1.574943856867E12
212,1.574943856905E12
213,1.57494385693E12
214,1.574943856976E12
215,1.574943857011E12
216,1.574943857038E12
217,1.574943857069E12
218,1.574943857102E12
219,1.574943857136E12
220,1.574943857168E12
222,1.574943857224E12
222,1.574943857243E12
223,1.574943857267E12
224,1.574943857301E12
225,1.574943857338E12
226,1.57494385737E12
227,1.574943857401E12
228,1.574943857435E12
229,1.574943857477E12
230,1.574943857512E12
231,1.574943857548E12
232,1.574943857571E12
233,1.574943857614E12
234,1.574943857646E12
235,1.574943857679E12
236,1.574943857714E12
237,1.574943857763E12
238,1.574943857781E12
239,1.574943857801E12
240,1.574943857837E12
241,1.574943857875E12
242,1.574943857908E12
243,1.574943857937E12
244,1.574943857978E12
245,1.574943858026E12
246,1.574943858043E12
247,1.574943858074E12
248,1.574943858152E12
249,1.574943858184E12
250,1.574943858215E12
251,1.574943858243E12
252,1.574943858281E12
253,1.574943858312E12
254,1.574943858347E12
255,1.57494385838E12
256,1.57494385841E12
257,1.574943858444E12
258,1.574943858486E12
259,1.574943858517E12
260,1.574943858562E12
261,1.574943858589E12
262,1.574943858613E12
263,1.574943858654E12
264,1.574943858685E12
265,1.574943858711E12
266,1.574943858748E12
267,1.574943858779E12
268,1.574943858814E12
269,1.57494385885E12
270,1.574943858894E12
271,1.574943858914E12
272,1.57494385895E12
273,1.574943858983E12
274,1.574943859016E12
275,1.574943859047E12
276,1.574943859096E12
277,1.574943859119E12
278,1.574943859157E12
279,1.57494385919E12
280,1.574943859225E12
281,1.574943859256E12
282,1.574943859292E12
283,1.574943859318E12
284,1.574943859356E12
285,1.574943859384E12
286,1.574943859417E12
287,1.574943859454E12
288,1.574943859487E12
289,1.574943859518E12
290,1.574943859565E12
291,1.574943859592E12
292,1.57494385963E12
293,1.574943859654E12
294,1.574943859689E12
295,1.574943859719E12
296,1.574943859754E12
297,1.574943859795E12
298,1.57494385983E12
299,1.574943859861E12
300,1.574943859897E12
301,1.574943859921E12
302,1.574943859955E12
303,1.574943859991E12
304,1.574943860032E12
305,1.574943860054E12
306,1.574943860091E12
307,1.574943860122E12
308,1.574943860182E12
309,1.5749438602E12
310,1.574943860226E12
311,1.574943860264E12
312,1.574943860291E12
313,1.574943860337E12
314,1.574943860376E12
315,1.574943860399E12
316,1.574943860427E12
317,1.574943860471E12
318,1.574943860502E12
319,1.574943860538E12
320,1.574943860571E12
321,1.574943860606E12
322,1.57494386063E12
323,1.574943860662E12
324,1.574943860699E12
325,1.574943860731E12
326,1.574943860772E12
327,1.574943860805E12
328,1.574943860836E12
329,1.574943860863E12
330,1.574943860897E12
331,1.574943860929E12
332,1.574943860963E12
333,1.574943861013E12
334,1.574943861041E12
335,1.574943861064E12
336,1.574943861098E12
337,1.57494386113E12
338,1.574943861166E12
339,1.574943861196E12
340,1.574943861237E12
341,1.574943861274E12
342,1.574943861344E12
343,1.574943861381E12
344,1.574943861399E12
345,1.57494386143E12
346,1.574943861466E12
347,1.5749438615E12
349,1.574943861566E12
349,1.574943861583E12
350,1.574943861599E12
351,1.574943861637E12
352,1.574943861674E12
353,1.574943861706E12
354,1.574943861735E12
355,1.574943861773E12
356,1.574943861813E12
357,1.574943861883E12
358,1.574943861911E12
359,1.574943861938E12
360,1.574943861973E12
361,1.574943862006E12
362,1.574943862053E12
363,1.574943862084E12
364,1.574943862114E12
365,1.574943862153E12
366,1.574943862227E12
367,1.57494386226E12
368,1.57494386229E12
369,1.574943862317E12
370,1.574943862352E12
371,1.574943862374E12
372,1.574943862409E12
373,1.574943862442E12
374,1.574943862483E12
375,1.574943862515E12
376,1.574943862545E12
377,1.574943862585E12
378,1.574943862608E12
379,1.574943862652E12
380,1.574943862679E12
381,1.574943862722E12
382,1.574943862749E12
383,1.574943862777E12
384,1.574943862816E12
385,1.574943862848E12
386,1.574943862898E12
387,1.574943862924E12
388,1.574943862951E12
389,1.574943862981E12
390,1.574943863019E12
391,1.57494386305E12
392,1.574943863088E12
393,1.574943863111E12
394,1.574943863161E12
395,1.57494386319E12
396,1.574943863214E12
397,1.57494386326E12
398,1.574943863291E12
399,1.574943863329E12
400,1.574943863359E12
401,1.574943863386E12
402,1.574943863428E12
403,1.574943863449E12
404,1.57494386349E12
405,1.574943863519E12
406,1.57494386356E12
407,1.574943863587E12
408,1.574943863624E12
409,1.57494386366E12
410,1.574943863703E12
411,1.574943863724E12
412,1.574943863747E12
413,1.574943863785E12
414,1.574943863817E12
415,1.574943863861E12
416,1.574943863888E12
417,1.57494386393E12
418,1.574943863955E12
419,1.574943864021E12
420,1.57494386407E12
421,1.574943864094E12
422,1.574943864123E12
423,1.574943864161E12
424,1.574943864195E12
425,1.574943864232E12
426,1.574943864264E12
427,1.57494386429E12
428,1.574943864335E12
429,1.57494386437E12
430,1.574943864402E12
431,1.574943864431E12
432,1.574943864465E12
433,1.574943864499E12
434,1.574943864535E12
435,1.574943864557E12
436,1.574943864594E12
437,1.574943864625E12
438,1.574943864657E12
439,1.574943864692E12
440,1.574943864731E12
441,1.574943864762E12
442,1.574943864795E12
443,1.574943864829E12
444,1.574943864871E12
445,1.574943864903E12
446,1.574943864938E12
447,1.574943864959E12
448,1.574943864995E12
449,1.574943865041E12
450,1.574943865065E12
451,1.574943865091E12
452,1.574943865129E12
453,1.574943865164E12
454,1.574943865198E12
455,1.57494386523E12
456,1.574943865265E12
457,1.574943865303E12
458,1.57494386533E12
459,1.574943865365E12
460,1.574943865399E12
461,1.574943865431E12
462,1.574943865463E12
463,1.574943865494E12
464,1.574943865538E12
465,1.57494386557E12
466,1.574943865608E12
467,1.574943865639E12
468,1.574943865674E12
469,1.5749438657E12
470,1.57494386574E12
471,1.574943865765E12
472,1.574943865809E12
474,1.574943865861E12
474,1.574943865878E12
475,1.57494386591E12
476,1.574943865944E12
477,1.574943865974E12
478,1.57494386601E12
479,1.574943866041E12
480,1.574943866074E12
481,1.574943866111E12
482,1.574943866137E12
483,1.574943866176E12
484,1.574943866204E12
485,1.574943866243E12
486,1.574943866273E12
487,1.574943866314E12
488,1.574943866341E12
490,1.574943866398E12
490,1.574943866417E12
491,1.574943866444E12
492,1.574943866469E12
493,1.574943866515E12
494,1.57494386655E12
495,1.574943866583E12
496,1.574943866622E12
497,1.574943866644E12
498,1.574943866681E12
499,1.574943866724E12
500,1.574943866769E12
501,1.574943866791E12
502,1.574943866814E12
503,1.574943866862E12
504,1.574943866895E12
505,1.574943866928E12
506,1.574943866961E12
507,1.574943866989E12
508,1.574943867025E12
510,1.574943867076E12
510,1.574943867101E12
511,1.574943867129E12
512,1.574943867158E12
513,1.574943867205E12
514,1.574943867239E12
515,1.574943867276E12
516,1.574943867302E12
517,1.574943867334E12
519,1.574943867378E12
519,1.574943867402E12
520,1.574943867438E12
521,1.574943867472E12
522,1.574943867502E12
523,1.574943867525E12
524,1.574943867564E12
525,1.574943867606E12
526,1.57494386763E12
527,1.574943867672E12
528,1.574943867693E12
529,1.57494386774E12
530,1.574943867773E12
531,1.574943867801E12
532,1.574943867829E12
533,1.574943867871E12
534,1.574943867906E12
535,1.57494386793E12
537,1.574943867978E12
537,1.574943867999E12
538,1.574943868035E12
539,1.574943868072E12
541,1.574943868117E12
541,1.574943868136E12
542,1.574943868157E12
543,1.574943868201E12
544,1.57494386822E12
545,1.574943868261E12
546,1.574943868295E12
547,1.57494386832E12
548,1.574943868398E12
549,1.57494386843E12
550,1.574943868464E12
551,1.574943868487E12
552,1.574943868521E12
553,1.574943868557E12
554,1.574943868596E12
555,1.574943868627E12
556,1.574943868662E12
557,1.574943868689E12
559,1.574943868742E12
559,1.574943868761E12
560,1.574943868795E12
561,1.574943868826E12
562,1.574943868867E12
563,1.574943868892E12
564,1.574943868934E12
565,1.57494386897E12
566,1.574943868995E12
567,1.574943869033E12
568,1.57494386906E12
569,1.574943869109E12
570,1.574943869127E12
571,1.574943869155E12
572,1.574943869191E12
573,1.574943869228E12
574,1.574943869275E12
575,1.574943869304E12
576,1.574943869334E12
577,1.574943869364E12
578,1.574943869398E12
579,1.574943869431E12
580,1.574943869469E12
581,1.574943869496E12
582,1.574943869543E12
583,1.574943869558E12
584,1.574943869602E12
585,1.574943869631E12
586,1.574943869671E12
587,1.574943869705E12
588,1.574943869735E12
589,1.574943869765E12
590,1.574943869849E12
591,1.574943869878E12
593,1.574943869922E12
593,1.574943869939E12
594,1.57494386997E12
0,1.574943873421E12
1,1.574943873787E12
2,1.574943873814E12
3,1.57494387385E12
4,1.574943873884E12
5,1.574943873918E12
6,1.57494387397E12
7,1.574943873995E12
8,1.57494387403E12
9,1.574943874068E12
10,1.574943874104E12
11,1.574943874134E12
12,1.574943874164E12
13,1.574943874198E12
14,1.574943874236E12
15,1.574943874266E12
16,1.574943874298E12
17,1.574943874333E12
18,1.57494387437E12
19,1.574943874399E12
20,1.574943874435E12
21,1.574943874466E12
22,1.5749438745E12
23,1.574943874534E12
24,1.574943874568E12
25,1.5749438746E12
26,1.574943874635E12
27,1.574943874671E12
28,1.574943874702E12
29,1.574943874742E12
30,1.574943874782E12
31,1.57494387482E12
32,1.574943874851E12
33,1.574943874886E12
34,1.574943874933E12
35,1.574943874964E12
36,1.574943874996E12
37,1.574943875021E12
38,1.574943875066E12
39,1.574943875098E12
40,1.574943875132E12
41,1.574943875162E12
42,1.574943875183E12
43,1.574943875229E12
44,1.574943875258E12
45,1.574943875296E12
46,1.574943875329E12
47,1.574943875363E12
48,1.574943875392E12
49,1.574943875424E12
50,1.57494387546E12
51,1.574943875486E12
52,1.574943875516E12
53,1.574943875559E12
54,1.574943875586E12
55,1.574943875621E12
56,1.574943875644E12
57,1.57494387571E12
58,1.574943875748E12
59,1.57494387578E12
60,1.574943875817E12
61,1.574943875852E12
62,1.574943875887E12
63,1.574943875921E12
64,1.574943875954E12
65,1.574943875996E12
66,1.574943876026E12
67,1.574943876053E12
68,1.574943876096E12
69,1.574943876121E12
70,1.574943876155E12
71,1.574943876189E12
72,1.574943876226E12
73,1.574943876261E12
74,1.574943876289E12
75,1.57494387633E12
76,1.57494387639E12
77,1.574943876424E12
78,1.574943876461E12
79,1.574943876489E12
80,1.574943876531E12
81,1.57494387656E12
82,1.574943876592E12
83,1.574943876635E12
84,1.57494387667E12
85,1.574943876693E12
86,1.574943876734E12
87,1.57494387677E12
88,1.574943876815E12
89,1.574943876834E12
90,1.574943876859E12
91,1.57494387689E12
92,1.574943876931E12
93,1.574943876963E12
94,1.574943877019E12
95,1.574943877042E12
96,1.574943877059E12
0,1.574943880649E12
1,1.574943881029E12
2,1.574943881058E12
3,1.574943881094E12
4,1.574943881128E12
5,1.574943881166E12
6,1.574943881214E12
7,1.574943881242E12
8,1.574943881275E12
9,1.57494388131E12
10,1.574943881349E12
11,1.574943881374E12
12,1.574943881407E12
13,1.57494388144E12
14,1.574943881475E12
15,1.574943881513E12
16,1.574943881546E12
17,1.574943881574E12
18,1.574943881613E12
19,1.574943881646E12
20,1.574943881676E12
21,1.574943881713E12
22,1.574943881747E12
23,1.57494388178E12
24,1.574943881811E12
25,1.574943881845E12
26,1.57494388188E12
27,1.574943881911E12
28,1.574943881958E12
29,1.574943881992E12
30,1.574943882042E12
31,1.574943882073E12
32,1.574943882098E12
33,1.574943882137E12
34,1.574943882173E12
35,1.574943882208E12
36,1.574943882237E12
37,1.574943882271E12
38,1.574943882308E12
39,1.574943882339E12
40,1.574943882383E12
41,1.574943882412E12
42,1.574943882438E12
43,1.57494388248E12
44,1.574943882509E12
45,1.574943882545E12
46,1.574943882577E12
47,1.574943882606E12
48,1.574943882642E12
49,1.574943882677E12
50,1.574943882709E12
51,1.574943882736E12
52,1.574943882771E12
53,1.574943882823E12
54,1.57494388284E12
55,1.57494388287E12
56,1.5749438829E12
57,1.57494388293E12
58,1.574943882969E12
59,1.574943883009E12
60,1.574943883048E12
61,1.574943883077E12
62,1.574943883122E12
63,1.574943883147E12
64,1.574943883175E12
65,1.574943883219E12
66,1.574943883253E12
67,1.574943883273E12
68,1.574943883321E12
69,1.574943883347E12
70,1.574943883381E12
71,1.574943883415E12
72,1.574943883443E12
73,1.574943883489E12
74,1.574943883525E12
75,1.574943883555E12
76,1.574943883591E12
77,1.57494388362E12
78,1.574943883651E12
79,1.574943883681E12
80,1.574943883721E12
81,1.574943883748E12
82,1.574943883778E12
83,1.574943883799E12
84,1.574943883832E12
85,1.574943883869E12
86,1.574943883907E12
87,1.574943883936E12
88,1.574943883973E12
89,1.574943884015E12
91,1.574943884066E12
91,1.574943884083E12
92,1.574943884102E12
93,1.574943884132E12
94,1.57494388417E12
95,1.574943884208E12
97,1.57494388427E12
97,1.574943884285E12
98,1.574943884303E12
0,1.574943947409E12
1,1.574943947796E12
2,1.574943947826E12
3,1.574943947862E12
4,1.574943947897E12
5,1.57494394793E12
6,1.57494394798E12
7,1.574943948007E12
8,1.574943948046E12
9,1.574943948074E12
10,1.574943948111E12
11,1.574943948147E12
12,1.574943948176E12
13,1.574943948209E12
14,1.574943948243E12
15,1.574943948277E12
16,1.57494394831E12
17,1.574943948344E12
18,1.574943948378E12
19,1.57494394841E12
20,1.574943948444E12
21,1.574943948477E12
22,1.574943948513E12
23,1.574943948545E12
24,1.574943948579E12
25,1.574943948613E12
26,1.574943948646E12
27,1.574943948679E12
28,1.574943948721E12
29,1.574943948758E12
30,1.574943948799E12
31,1.57494394883E12
32,1.574943948864E12
33,1.574943948898E12
34,1.574943948938E12
35,1.574943948968E12
36,1.574943949001E12
37,1.574943949036E12
38,1.574943949066E12
39,1.574943949101E12
40,1.574943949134E12
41,1.574943949165E12
42,1.574943949198E12
43,1.574943949232E12
44,1.574943949273E12
45,1.574943949306E12
46,1.574943949337E12
47,1.574943949363E12
48,1.574943949404E12
49,1.574943949436E12
50,1.574943949481E12
51,1.574943949509E12
52,1.574943949539E12
53,1.574943949571E12
54,1.574943949639E12
55,1.574943949669E12
56,1.574943949701E12
57,1.574943949738E12
58,1.574943949768E12
59,1.574943949803E12
60,1.574943949841E12
61,1.574943949871E12
62,1.574943949906E12
63,1.574943949939E12
64,1.574943949975E12
65,1.574943950007E12
66,1.57494395004E12
67,1.574943950115E12
68,1.57494395015E12
69,1.574943950178E12
70,1.574943950207E12
71,1.574943950241E12
72,1.57494395028E12
73,1.574943950311E12
74,1.574943950341E12
75,1.57494395038E12
76,1.574943950413E12
77,1.574943950446E12
78,1.574943950471E12
79,1.574943950502E12
80,1.574943950533E12
81,1.574943950569E12
82,1.574943950604E12
83,1.574943950637E12
84,1.574943950672E12
85,1.574943950713E12
86,1.574943950738E12
87,1.574943950772E12
88,1.574943950807E12
89,1.574943950836E12
90,1.574943950871E12
91,1.574943950905E12
92,1.574943950939E12
93,1.574943950977E12
94,1.574943951007E12
95,1.57494395104E12
96,1.57494395107E12
97,1.574943951108E12
98,1.574943951143E12
99,1.574943951175E12
100,1.574943951209E12
101,1.574943951253E12
102,1.57494395128E12
103,1.57494395131E12
104,1.574943951346E12
105,1.574943951374E12
106,1.574943951411E12
107,1.574943951447E12
108,1.574943951479E12
109,1.574943951514E12
110,1.574943951548E12
111,1.574943951579E12
112,1.574943951611E12
113,1.574943951646E12
114,1.574943951678E12
115,1.574943951713E12
116,1.574943951748E12
117,1.574943951792E12
118,1.574943951816E12
119,1.574943951848E12
120,1.574943951882E12
121,1.574943951915E12
122,1.574943951948E12
123,1.574943951983E12
124,1.574943952014E12
125,1.574943952048E12
126,1.574943952082E12
127,1.574943952116E12
128,1.574943952155E12
129,1.57494395218E12
130,1.574943952218E12
131,1.574943952254E12
132,1.574943952285E12
133,1.57494395232E12
134,1.574943952348E12
135,1.574943952384E12
136,1.574943952414E12
137,1.57494395245E12
138,1.574943952489E12
139,1.574943952518E12
140,1.574943952555E12
141,1.574943952599E12
142,1.574943952618E12
143,1.574943952653E12
144,1.574943952689E12
145,1.574943952721E12
146,1.574943952753E12
147,1.574943952788E12
148,1.574943952827E12
149,1.574943952852E12
150,1.57494395289E12
151,1.574943952918E12
152,1.57494395296E12
153,1.57494395299E12
154,1.574943953023E12
155,1.574943953056E12
156,1.574943953092E12
157,1.574943953124E12
158,1.574943953168E12
159,1.574943953186E12
160,1.57494395322E12
161,1.574943953256E12
162,1.574943953293E12
163,1.574943953327E12
164,1.574943953359E12
165,1.574943953391E12
166,1.574943953426E12
167,1.574943953458E12
168,1.574943953495E12
169,1.574943953525E12
170,1.574943953559E12
171,1.574943953594E12
172,1.574943953629E12
173,1.574943953658E12
174,1.574943953708E12
175,1.574943953727E12
176,1.574943953762E12
177,1.574943953793E12
178,1.574943953831E12
179,1.574943953862E12
180,1.574943953893E12
181,1.574943953927E12
182,1.574943953966E12
183,1.574943953996E12
184,1.57494395403E12
185,1.574943954068E12
186,1.574943954097E12
187,1.574943954131E12
188,1.574943954168E12
189,1.574943954243E12
190,1.57494395426E12
191,1.574943954298E12
192,1.574943954331E12
193,1.574943954366E12
194,1.574943954397E12
195,1.574943954433E12
196,1.574943954468E12
197,1.574943954514E12
198,1.574943954542E12
199,1.574943954567E12
200,1.574943954602E12
201,1.574943954635E12
202,1.57494395467E12
203,1.574943954703E12
204,1.574943954734E12
205,1.574943954769E12
206,1.574943954804E12
207,1.574943954836E12
208,1.57494395487E12
209,1.574943954905E12
210,1.574943954937E12
211,1.574943954967E12
212,1.574943955049E12
213,1.574943955073E12
214,1.574943955106E12
215,1.574943955138E12
216,1.574943955173E12
217,1.574943955205E12
218,1.574943955237E12
219,1.574943955272E12
220,1.574943955309E12
221,1.57494395534E12
222,1.574943955376E12
223,1.574943955406E12
224,1.57494395544E12
225,1.574943955473E12
226,1.574943955511E12
227,1.574943955582E12
228,1.574943955613E12
229,1.574943955643E12
230,1.574943955675E12
231,1.574943955709E12
232,1.574943955746E12
233,1.574943955776E12
234,1.574943955811E12
235,1.574943955845E12
236,1.574943955875E12
237,1.57494395591E12
238,1.57494395594E12
239,1.574943955978E12
240,1.574943956014E12
241,1.574943956045E12
242,1.574943956075E12
243,1.57494395612E12
244,1.574943956143E12
245,1.574943956178E12
246,1.574943956211E12
247,1.574943956247E12
248,1.574943956277E12
249,1.574943956318E12
250,1.574943956352E12
251,1.574943956385E12
252,1.574943956411E12
253,1.574943956448E12
254,1.574943956486E12
255,1.574943956516E12
256,1.574943956549E12
257,1.574943956584E12
258,1.574943956615E12
259,1.574943956653E12
260,1.574943956684E12
261,1.574943956717E12
262,1.574943956753E12
263,1.574943956786E12
264,1.574943956816E12
265,1.574943956857E12
266,1.574943956883E12
267,1.574943956928E12
268,1.574943956955E12
269,1.574943956985E12
270,1.574943957019E12
271,1.574943957052E12
272,1.574943957086E12
273,1.574943957119E12
274,1.574943957152E12
275,1.574943957189E12
276,1.574943957224E12
277,1.574943957266E12
278,1.574943957293E12
279,1.57494395733E12
280,1.574943957369E12
281,1.574943957392E12
282,1.574943957431E12
283,1.574943957472E12
284,1.574943957509E12
285,1.574943957534E12
286,1.574943957567E12
287,1.574943957602E12
288,1.574943957628E12
289,1.574943957672E12
290,1.574943957698E12
291,1.57494395774E12
292,1.574943957766E12
293,1.574943957794E12
294,1.574943957837E12
295,1.57494395788E12
297,1.574943957915E12
297,1.574943957934E12
298,1.574943957959E12
299,1.574943957993E12
300,1.574943958027E12
301,1.574943958064E12
302,1.574943958093E12
303,1.574943958131E12
304,1.574943958164E12
305,1.574943958203E12
306,1.574943958228E12
307,1.574943958264E12
308,1.574943958297E12
309,1.57494395833E12
310,1.574943958365E12
311,1.574943958396E12
312,1.57494395843E12
313,1.574943958473E12
314,1.5749439585E12
315,1.574943958533E12
316,1.574943958563E12
317,1.574943958595E12
318,1.574943958629E12
319,1.574943958667E12
320,1.5749439587E12
321,1.574943958751E12
322,1.574943958774E12
323,1.574943958802E12
324,1.574943958835E12
325,1.574943958872E12
326,1.574943958903E12
327,1.574943958933E12
328,1.574943958968E12
329,1.574943958999E12
330,1.574943959035E12
331,1.574943959075E12
332,1.5749439591E12
333,1.574943959136E12
334,1.574943959174E12
335,1.574943959208E12
336,1.574943959235E12
337,1.57494395927E12
338,1.574943959308E12
339,1.574943959338E12
340,1.574943959372E12
341,1.574943959407E12
342,1.574943959437E12
343,1.574943959474E12
344,1.574943959508E12
345,1.574943959552E12
346,1.574943959578E12
347,1.574943959605E12
